sample107,768,828,828,811,800,790,774,760,735,721,689
sample105,892,903,893,888,873,853,831,797,788,758,709
sample103,868,893,880,873,860,850,829,815,777,756,728
sample108,875,903,894,884,872,847,818,803,785,759,715
sample106,936,941,931,927,914,905,899,875,834,800,764
sample10,249,537,540,536,523,513,512,504,498,484,479
sample100,928,949,938,923,916,904,895,866,851,836,799
sample102,915,941,942,935,923,900,890,866,843,818,805
sample104,976,980,969,959,948,918,886,849,844,802,750
sample101,977,971,972,960,954,941,913,907,899,874,850
sample111,602,755,738,731,712,674,645,607,566,533,498
sample109,675,833,820,814,800,790,768,733,708,686,648
sample110,846,908,898,887,887,880,869,834,808,779,749
sample112,389,568,547,519,501,466,442,419,380,344,312
sample114,780,828,821,813,804,789,780,771,750,719,687
sample115,398,510,489,465,439,406,360,329,294,247,209
sample113,525,703,693,681,675,652,632,614,577,545,493
sample11,597,892,890,877,875,879,874,865,856,846,846
sample116,631,774,772,760,746,732,711,685,658,631,594
sample1,156,234,236,224,217,208,204,199,198,189,184
sample117,608,714,696,687,662,646,628,594,553,518,469
sample118,621,778,758,747,741,716,690,663,629,590,543
sample119,567,737,736,708,689,657,632,593,564,508,457
sample120,890,926,924,914,904,887,880,864,848,816,789
sample122,827,879,875,874,866,854,850,817,797,781,751
sample121,784,859,849,833,831,818,809,794,755,719,703
sample123,686,809,801,793,773,753,733,701,669,639,588
sample124,739,841,834,826,820,826,804,785,763,734,722
sample12,614,874,873,873,857,850,851,854,845,835,829
sample127,919,914,895,873,851,816,767,717,644,587,484
sample126,845,916,913,900,903,877,867,854,855,826,810
sample125,857,918,916,911,911,907,904,885,865,857,833
sample128,925,940,923,925,916,909,892,883,869,835,812
sample131,751,836,828,821,812,799,781,768,750,737,696
sample130,821,893,893,884,878,852,820,815,791,754,736
sample129,965,963,956,937,919,900,881,852,816,775,725
sample134,789,916,918,902,889,884,876,855,843,822,796
sample133,910,960,946,947,933,916,905,878,868,845,846
sample135,824,912,912,906,892,876,871,857,828,812,800
sample13,523,804,790,779,763,744,737,730,719,695,667
sample132,813,906,910,903,888,877,865,845,842,820,801
sample137,643,761,760,754,740,726,697,660,643,608,574
sample138,260,318,308,295,294,286,272,247,243,225,205
sample136,912,953,949,948,939,934,926,912,893,879,862
sample139,787,886,880,871,862,862,843,828,807,798,762
sample141,751,943,952,947,942,933,922,910,891,873,864
sample140,941,980,973,958,953,946,943,935,915,891,885
sample14,196,262,256,248,244,244,236,227,221,214,209
sample145,650,838,834,812,806,788,787,765,723,694,660
sample143,890,965,958,940,931,933,909,917,892,873,860
sample144,898,945,949,943,939,932,917,915,895,887,873
sample142,797,886,879,878,866,864,858,835,818,809,790
sample146,861,917,913,910,894,887,889,863,859,828,792
sample147,945,970,963,959,950,946,924,919,891,872,855
sample149,547,788,770,761,750,724,698,671,638,581,532
sample152,217,314,300,294,288,270,258,239,233,208,184
sample153,47,77,74,70,68,62,55,54,47,46,42
sample148,847,957,954,954,951,935,935,928,901,883,854
sample150,879,928,916,903,898,901,891,869,846,852,823
sample151,720,864,868,858,850,853,836,817,804,773,727
sample154,731,847,835,836,818,817,809,773,745,719,671
sample156,823,913,905,896,884,875,862,831,803,780,761
sample15,35,0,0,0,0,0,0,0,0,0,0
sample155,962,970,962,953,949,938,942,914,894,869,849
sample159,936,944,945,934,935,917,918,923,901,876,855
sample161,679,711,668,630,574,526,451,395,321,254,198
sample158,990,998,991,987,985,975,964,947,939,923,891
sample160,907,939,940,925,921,917,899,878,850,847,815
sample157,939,1010,1008,1003,1005,995,992,980,961,939,906
sample162,772,862,872,856,849,837,841,811,782,747,698
sample16,103,67,33,14,12,5,2,0,0,0,0
sample165,371,578,552,535,514,493,458,417,384,335,289
sample163,924,967,957,962,957,956,944,946,938,934,920
sample164,830,929,923,918,919,917,902,886,878,864,843
sample167,894,932,929,923,926,914,898,885,876,862,861
sample166,905,948,946,938,925,932,917,913,899,892,881
sample170,834,868,856,837,824,802,766,714,661,603,539
sample168,857,934,925,921,916,906,894,881,854,863,847
sample169,874,922,928,929,923,924,910,896,869,861,834
sample171,528,783,782,775,759,749,724,701,694,653,598
sample172,671,851,839,826,824,818,807,783,755,720,685
sample174,762,883,879,873,870,852,833,810,785,763,721
sample175,295,479,444,420,415,396,375,340,320,278,246
sample17,356,720,718,713,710,700,690,690,688,677,670
sample173,927,966,965,962,958,940,922,915,882,870,847
sample178,612,796,781,770,757,745,736,703,682,655,620
sample180,662,787,777,774,764,745,733,704,665,633,583
sample177,678,846,844,848,835,813,807,786,782,759,727
sample179,649,831,825,807,797,773,780,767,725,714,659
sample181,557,772,762,746,722,688,677,646,603,554,506
sample176,342,465,451,441,430,418,396,364,327,297,259
sample182,634,804,800,788,782,773,753,717,696,667,622
sample183,486,752,751,738,730,728,715,695,663,638,617
sample184,630,780,768,756,737,738,711,702,662,654,618
sample18,374,724,722,718,710,692,688,678,665,651,635
sample187,362,504,491,473,465,442,408,375,317,276,248
sample185,653,746,727,720,709,700,675,652,629,595,548
sample186,646,763,758,750,746,731,702,667,622,589,556
sample190,592,686,675,665,649,615,604,570,533,501,445
sample191,535,708,693,677,664,666,655,645,617,590,568
sample188,700,821,822,809,799,773,766,753,719,696,652
sample20,150,198,197,200,190,179,177,172,167,162,158
sample192,738,841,837,828,828,820,816,803,781,764,740
sample2,154,205,196,188,188,182,176,179,173,164,159
sample22,301,617,620,605,593,587,577,558,550,539,519
sample189,786,872,874,870,851,847,829,819,804,775,763
sample23,237,500,498,490,484,476,457,451,429,417,404
sample26,331,655,652,638,632,625,607,592,571,558,529
sample25,472,818,818,806,809,811,796,797,787,785,778
sample19,73,76,76,70,71,66,65,64,61,59,53
sample29,230,574,584,576,569,565,549,544,523,509,502
sample24,365,825,813,814,811,798,796,796,797,785,772
sample28,429,887,883,882,874,872,870,860,861,847,839
sample3,174,300,297,285,283,273,268,267,262,256,251
sample31,229,417,395,377,345,331,309,288,266,237,221
sample30,505,886,885,878,878,871,862,869,865,863,839
sample27,728,922,919,923,927,922,924,916,918,904,903
sample21,101,50,57,54,54,50,49,49,49,47,46
sample35,156,214,214,214,215,214,208,204,196,195,185
sample37,93,58,69,63,64,61,58,53,52,53,48
sample34,295,494,481,474,461,458,448,432,421,400,369
sample36,138,106,109,105,103,104,101,97,93,92,88
sample38,118,111,117,112,109,102,105,99,93,92,85
sample32,527,872,870,868,866,867,852,853,839,828,818
sample33,691,936,941,936,934,925,922,917,915,905,894
sample40,237,481,479,469,449,431,425,411,389,371,353
sample39,180,365,361,347,343,335,320,310,295,292,275
sample41,209,316,299,298,287,277,258,239,211,203,186
sample42,146,145,158,153,147,140,133,129,122,117,111
sample43,349,738,740,726,725,712,701,685,673,650,632
sample4,104,82,95,87,86,86,84,83,80,78,75
sample48,260,526,515,502,493,481,475,463,449,443,430
sample47,177,259,255,249,245,238,228,218,201,196,196
sample44,424,824,823,815,814,809,808,798,797,776,742
sample50,126,151,172,165,163,160,157,151,146,143,137
sample46,465,854,851,852,835,837,815,809,805,791,781
sample49,344,684,668,669,664,653,641,633,625,606,587
sample45,600,938,927,934,923,920,920,905,910,890,870
sample52,597,758,751,727,704,696,680,641,633,612,587
sample53,389,817,817,813,815,813,800,789,773,763,745
sample5,367,774,763,763,755,741,742,733,719,707,687
sample51,477,868,865,859,843,837,830,824,815,814,806
sample59,130,52,49,49,49,48,48,45,45,42,39
sample55,116,36,36,36,35,34,31,31,31,33,29
sample60,323,738,744,742,740,724,712,704,699,686,675
sample63,111,125,132,127,117,113,110,110,106,104,96
sample54,499,863,848,844,842,839,836,827,814,808,792
sample62,302,637,640,635,620,615,593,576,572,550,525
sample57,652,892,892,876,868,868,865,849,836,830,816
sample58,48,0,0,0,0,0,0,0,0,0,0
sample61,76,41,40,40,40,37,34,32,29,28,26
sample56,95,3,3,3,3,3,2,1,1,1,0
sample68,134,98,113,104,101,96,94,90,82,78,75
sample66,242,493,482,466,450,432,425,404,380,363,342
sample64,431,887,875,872,875,860,866,845,842,846,833
sample65,184,405,403,391,387,367,350,328,307,297,277
sample6,369,818,806,805,807,804,795,780,762,757,747
sample69,114,143,142,136,134,122,116,109,103,91,85
sample67,195,468,448,427,406,389,364,339,316,293,254
sample71,152,189,207,188,182,168,157,144,132,116,107
sample72,184,253,312,295,282,268,254,237,227,214,199
sample73,242,475,471,458,445,435,421,412,395,378,344
sample74,219,511,503,492,479,467,448,440,427,405,385
sample76,263,531,526,521,510,502,485,464,457,441,429
sample70,570,873,875,871,880,870,870,856,846,840,833
sample77,360,713,726,704,689,674,672,653,632,613,589
sample7,248,386,400,392,394,394,400,401,391,390,389
sample81,313,684,670,660,649,648,629,625,605,582,567
sample83,230,523,506,496,477,472,452,451,436,420,404
sample82,110,73,83,77,73,74,72,73,68,70,64
sample78,565,913,900,896,892,888,880,866,855,834,823
sample80,374,757,750,743,733,731,713,713,707,694,679
sample85,142,83,96,93,90,90,86,82,80,78,77
sample79,425,866,871,853,848,837,830,827,799,782,773
sample8,210,261,328,309,298,287,273,264,257,241,228
sample89,206,469,469,449,436,430,424,414,395,376,376
sample88,145,36,65,67,65,59,54,55,49,47,43
sample87,265,634,648,626,612,587,568,550,511,496,482
sample86,381,753,732,714,712,698,674,667,650,631,603
sample90,290,716,707,692,687,659,644,634,614,590,567
sample75,92,20,28,27,24,25,22,21,16,14,14
sample84,133,78,40,21,9,6,1,0,0,0,0
sample9,724,955,953,948,938,944,947,945,941,927,929
sample93,464,839,832,818,809,802,783,770,754,736,713
sample92,366,829,823,828,820,804,794,794,778,769,761
sample94,503,890,873,873,863,853,836,831,822,814,806
sample96,415,859,845,850,847,839,823,826,816,807,796
sample91,505,924,916,901,889,879,870,861,844,835,829
sample95,509,922,908,900,896,898,882,874,865,846,839
sample97,831,888,873,867,863,858,841,832,807,786,753
sample98,932,952,943,937,927,902,905,879,856,838,815
sample99,702,867,854,848,837,826,819,809,789,777,754
