sample100,20340,6950,7661,9470,11048,12437,13170,13301,13307,12551,11911,11139,10386,9639,9035,8361,7418,6964,5987,5212,4609,3953,3200,2694,2135,1789,1407,1065,859,693,554,449,379,312,268,257,217,186,159,148,109,93,94,65,57,45,52,42,37,24,18,21,12,14,12,14,10,14,11,7,8,6,7,3,4,6,2,4,1,3,2,2,1,1,1,1,1
sample101,25504,10503,12238,14382,16307,17866,18362,17898,17429,16248,15343,14149,12868,11956,10817,9989,8672,7511,6474,5422,4597,3674,3020,2482,1950,1578,1204,985,810,689,569,471,397,331,292,251,208,174,159,131,122,87,79,80,75,46,43,42,28,22,20,21,20,18,15,7,9,5,7,8,7,6,4,1,3,1,2,4,3,1,1,1,1,1,1,1,1,1,1,1,1,1,1,2,1
sample102,19558,6723,7419,9249,10757,12197,12728,13046,12584,12090,11455,10568,9931,9278,8786,7946,7140,6476,5639,4876,4175,3472,2981,2327,1913,1468,1181,930,696,625,474,372,327,262,221,190,165,123,134,91,81,74,39,48,49,34,27,24,14,13,17,16,12,8,7,13,5,3,2,2,5,2,2,2,1,1,1,1,1,1
sample103,18404,6688,7489,8971,10153,11018,11441,11093,10750,10009,9046,8449,7880,7166,6391,5670,5054,4605,3930,3376,2811,2374,1798,1563,1232,900,743,574,481,370,274,261,209,144,139,119,90,77,65,62,43,37,39,29,17,21,27,17,14,9,14,8,5,5,7,5,7,5,4,2,1,1,2,1,3,1,1
sample104,43343,29489,33091,35509,36137,34334,31952,29132,26133,22992,20255,17656,14918,12649,10471,8396,6771,5344,4289,3442,2680,2241,1817,1449,1196,1005,798,628,546,444,363,333,269,267,169,179,134,133,108,103,82,51,55,56,35,25,31,20,18,12,17,14,9,15,7,8,8,7,8,4,2,3,5,3,3,3,1,2,2,1,2,2,1,1,1,1
sample105,18481,8656,9651,11418,12437,12920,12801,12395,11774,10439,9673,8539,7750,6945,5932,5140,4140,3561,2871,2349,1803,1397,1055,852,609,438,351,281,204,184,134,104,80,79,64,49,47,42,27,32,16,12,14,11,9,6,3,7,1,3,3,3,3,2,1,1,1,1,1,1,1
sample106,20795,8166,9002,10468,12089,13163,13459,13058,12835,11614,10958,10106,9075,8393,7599,6862,6115,5314,4669,3988,3277,2767,2205,1835,1390,1138,857,693,522,416,308,268,229,201,167,147,113,103,76,78,56,61,47,35,25,22,23,18,16,14,7,9,13,6,6,1,4,5,2,2,1,1,1,1,1,1,1
sample107,16501,4795,5276,6091,7007,7922,8373,8479,8150,7824,7374,6872,6299,5958,5483,5070,4598,4244,3762,3253,2808,2307,1923,1561,1216,1005,758,597,505,383,303,241,174,183,150,138,107,69,74,62,48,33,35,30,33,32,21,13,22,13,7,3,4,2,2,3,4,4,1,4,2,4,2,1,3,2,1,1,1,1,1,1,2
sample108,16916,5770,6715,8111,9342,10222,10892,10540,10061,9783,8890,8198,7372,6734,6196,5545,4937,4467,3916,3300,2765,2247,1890,1537,1203,918,724,598,436,371,258,207,172,147,132,90,77,84,55,53,36,48,28,22,27,29,19,14,11,11,9,8,4,3,1,2,5,2,1,1,1,2,2,1,1,1,2,1,1,1
sample109,14720,3118,3143,3514,4326,5076,5474,5713,5767,5477,5385,5087,4625,4392,4187,3885,3687,3418,3132,2839,2467,2248,1893,1559,1294,1126,952,689,610,469,327,275,225,184,118,108,100,91,69,52,38,37,22,31,29,15,22,13,11,9,12,9,10,8,6,1,4,4,3,2,1,5,3,3,5,1,2,1,3,1,2,1,1
sample10,21705,2170,897,815,837,967,957,1061,1173,1244,1381,1462,1553,1756,1840,1886,1968,1984,1945,1820,1795,1625,1577,1395,1259,1252,1088,941,933,826,795,752,664,640,640,651,645,629,545,553,534,509,482,442,410,338,335,276,254,255,193,167,154,112,106,98,89,61,47,41,41,17,21,25,13,21,15,18,20,13,14,11,15,6,4,4,4,5,13,3,8,5,1,4,2,6,5,4,3,2,4,4,1,1,2,4,1,1,1,2,2,1,2,3,1,2,1,1,1,1,1,2
sample110,18571,5799,6567,7918,9085,10015,10189,10125,9770,9170,8669,7816,7104,6635,5858,5477,4938,4302,3752,3252,2684,2206,1758,1394,1217,891,689,547,451,326,304,210,182,155,118,86,80,57,50,56,39,40,35,21,26,16,16,16,9,11,17,10,10,4,5,5,5,4,4,3,3,3,1,3,1,1,1
sample111,14132,3632,3554,4200,4800,5271,5666,5536,5389,5182,4815,4441,3924,3634,3113,2900,2715,2436,2175,1969,1781,1496,1234,1014,786,657,499,425,332,278,211,172,120,95,91,68,47,38,34,26,23,21,19,19,14,9,11,7,8,8,6,2,3,3,3,3,1,1,2,2,2,1,1,2,1
sample112,11208,2117,1726,2049,2314,2607,2875,2982,2959,2929,2788,2632,2533,2299,2271,2091,1916,1725,1693,1509,1300,1101,965,852,723,539,431,350,266,223,168,130,111,73,53,36,29,26,35,19,20,13,15,9,10,6,8,4,7,4,3,4,1,1,3,3,1,2,4,1,1,1,1
sample113,13008,2358,1857,2248,2679,3008,3468,3731,3867,3851,3644,3469,3412,3109,2944,2848,2632,2455,2377,2109,2074,1819,1628,1453,1167,1084,916,729,613,470,398,300,231,184,148,130,88,79,68,50,38,38,50,25,28,19,15,17,12,12,11,9,12,10,6,6,5,6,4,3,1,3,4,1,2,2,1,2,1,1,1,1,1,1
sample114,13394,3133,3369,3918,4659,5291,5896,6202,6163,5970,5747,5471,5249,4699,4471,4170,3861,3694,3466,3160,2814,2517,2220,1889,1521,1346,1089,828,656,609,428,326,269,210,179,141,121,95,97,66,52,46,52,44,30,18,27,20,12,10,11,10,8,7,4,3,6,3,1,2,3,1,2,4,1,2,1,2,1,1,1,1
sample115,9119,2052,1844,2199,2434,2678,2802,2848,2832,2677,2401,2243,2039,1779,1586,1488,1253,1198,1046,947,842,730,686,551,487,366,305,226,196,153,122,85,64,46,35,30,19,22,7,14,9,4,5,2,5,4,8,1,2,4,1,1,1,1,2,1,1
sample116,13395,2491,2305,2748,3359,3887,4433,4858,4859,4791,4519,4402,4113,3781,3520,3437,3159,2843,2706,2511,2384,2138,1931,1533,1351,1113,945,832,638,474,408,295,250,194,153,143,97,94,54,55,48,46,33,30,26,24,18,23,20,15,8,8,7,10,8,7,5,3,3,1,5,4,1,3,1,4,1,1,1,1,2
sample117,10962,2246,2239,2625,3272,3645,4044,4315,4114,4099,3714,3580,3323,3174,2832,2672,2564,2270,2090,1917,1656,1434,1246,970,852,681,511,382,345,206,165,116,111,76,71,52,48,30,25,15,23,23,18,12,15,7,8,6,6,2,3,3,1,3,1,1,2,2,1,1,2,1
sample118,12948,2778,2718,3080,3738,4177,4664,4796,4784,4551,4408,4135,3745,3501,3066,2943,2700,2515,2281,2073,1870,1679,1360,1272,1027,855,674,554,433,342,274,212,176,137,120,76,54,37,37,34,30,27,19,26,20,15,15,9,15,6,6,5,2,2,2,4,2,1,2,2,3,2,2,2,1,1,1
sample119,11978,2700,2620,3041,3439,3916,4185,4455,4357,4285,3932,3565,3339,3089,2801,2623,2388,2205,2032,1773,1631,1498,1240,1102,860,731,595,477,394,293,266,209,135,118,90,64,66,51,45,33,20,22,26,26,19,4,12,8,12,5,9,8,3,4,2,5,2,1,2,1,1,1,2
sample11,31330,4158,2954,3033,3257,3583,3828,4144,4394,4765,5068,5340,5526,5558,5715,5928,5702,5604,5165,5037,4606,4021,3768,3393,3071,2808,2549,2449,2242,2106,2003,1871,1878,1697,1687,1557,1444,1390,1241,1182,1094,986,834,783,690,603,530,479,385,364,321,235,238,191,155,140,129,98,110,82,71,67,72,53,45,46,48,29,35,34,35,28,31,30,27,16,14,15,29,16,14,17,19,7,5,12,8,1,3,8,7,4,4,3,4,7,7,4,3,3,2,2,4,5,2,4,1,1,1,3,4,1,1,1,1,2,2,1,1
sample120,22840,6490,6907,8247,9429,10607,11277,11638,11526,11062,10391,9774,9087,8351,7920,7339,6741,6201,5572,5076,4581,3784,3224,2736,2264,1814,1470,1243,955,770,694,533,456,379,310,280,214,200,180,151,115,136,85,104,74,76,51,52,47,35,32,31,21,16,24,14,10,14,7,10,12,12,2,6,7,7,5,1,1,4,2,2,2,3,4,3,3,1,3,1,1,2,1,1,1
sample121,16268,4051,4118,4954,5916,6810,7229,7443,7472,7195,6700,6026,5795,5218,4766,4428,4108,3844,3370,3182,2769,2333,2056,1697,1491,1117,951,745,567,473,347,303,216,188,137,123,93,82,67,59,45,41,44,40,34,28,26,21,18,15,7,5,11,9,6,7,7,5,2,2,3,3,2,1,3,4,1,1,1,1,1
sample122,19314,5079,5332,6409,7368,8252,8983,9136,8929,8685,8369,7724,7194,6641,6235,5579,5480,4887,4530,4172,3648,3183,2862,2259,1936,1635,1319,1042,846,699,546,479,364,291,251,194,168,144,136,99,90,80,62,56,71,46,39,39,23,32,22,19,25,17,11,5,12,7,13,5,3,3,6,3,1,2,4,3,2,4,1,3,2,1,1,1,1,1,2
sample123,13858,3371,3388,3937,4630,5345,5529,5867,5967,5725,5335,5061,4571,4397,4024,3773,3528,3248,2961,2590,2408,2107,1798,1554,1268,1030,889,675,486,442,335,250,192,164,133,110,102,90,52,51,36,40,30,28,22,17,12,18,10,6,7,6,9,5,2,3,3,2,4,2,1,2,1,1,2,1,1,1,1
sample124,18672,3905,3853,4669,5550,6516,7299,7793,7954,7815,7674,6954,6588,6157,5715,5368,5074,4732,4425,4178,3727,3230,2928,2460,2081,1841,1554,1283,1008,791,590,538,405,379,248,218,185,154,137,116,110,81,73,57,63,65,42,31,32,29,26,19,25,20,20,16,9,12,8,7,5,2,7,5,6,2,4,3,3,2,3,1,2,2,1,2,1,2,1
sample125,25260,5498,5004,5770,7115,8330,9495,10242,11056,11200,11176,10619,9907,9263,8706,8274,7614,7003,6707,6303,5766,5549,5037,4564,4149,3614,3170,2774,2292,1933,1577,1324,1122,920,741,658,542,429,397,342,279,230,217,192,148,157,135,150,104,103,83,94,65,64,66,60,54,39,23,29,23,25,25,19,18,14,18,8,12,8,5,7,6,3,1,3,3,4,3,3,4,5,4,1,3,2,1,1,1,3,1,2,1,1,1
sample126,21163,5353,5759,6942,8025,9507,10362,10763,10805,10450,9810,8998,8500,8042,7377,6897,6408,5927,5386,5077,4351,3841,3266,2837,2364,1961,1503,1168,978,806,645,470,386,328,268,230,194,151,132,122,113,88,81,60,77,51,42,41,31,40,22,17,15,12,15,3,5,10,3,9,10,4,5,8,3,1,2,2,3,1,2,1,1,2,1,2
sample127,22953,16576,17210,16894,16260,14971,13309,11417,10059,8825,7516,6406,5471,4691,3823,3180,2635,2020,1700,1373,1034,745,616,456,350,271,200,164,130,116,67,57,57,37,47,34,25,13,16,17,10,9,7,2,4,4,4,2,2,1,1,1,3,2,1,1,2,2
sample128,24193,8051,8697,10759,12663,14136,15217,15493,15547,14937,14403,13501,12856,12018,11141,10626,9784,9233,8366,7696,6598,5624,4862,4168,3465,2884,2317,1890,1607,1263,1019,844,737,632,543,466,381,360,307,277,246,204,182,178,134,150,103,117,91,67,60,70,57,46,38,44,24,28,27,20,17,16,16,20,14,10,8,8,9,6,10,4,7,4,6,4,4,7,2,2,1,5,1,3,2,2,1,2,1,1,2,1
sample129,21080,12424,14843,16712,17646,17930,17016,15896,14330,12901,11739,10243,9053,7630,6439,5427,4353,3400,2699,2079,1610,1242,936,701,489,391,288,197,190,130,109,106,68,69,50,26,36,37,27,18,10,11,5,3,5,6,3,4,1,1,2,1,1,1
sample12,30077,3831,2580,2548,2622,2837,3072,3315,3513,3728,3825,4063,4221,4296,4544,4664,4967,5072,4951,4943,4790,4690,4551,4331,4031,3584,3313,3037,2670,2537,2192,2088,1961,1710,1633,1480,1407,1331,1352,1280,1244,1187,1118,1080,1047,921,868,829,790,748,667,653,537,521,440,395,344,309,261,234,219,189,185,161,110,122,114,97,85,63,66,60,72,45,44,60,40,35,44,48,28,22,21,29,28,25,23,21,14,11,10,12,14,13,13,11,13,11,10,12,11,8,4,8,10,5,6,2,1,7,6,2,2,2,4,2,2,1,4,1,1,1,3,1,3,2,1,1,1,2,1,1,1
sample130,16436,4866,5129,6210,7316,8144,8946,8991,9126,8515,7942,7479,6787,6348,5844,5403,4895,4642,4093,3760,3247,2754,2518,2056,1714,1390,1109,882,703,549,388,346,298,201,160,120,97,81,77,61,52,48,35,47,27,23,20,11,9,10,8,8,10,3,1,4,4,4,4,2,2,2,1,1,1
sample131,17425,4222,4394,5264,6436,7514,8226,8396,8682,8549,7948,7450,6746,6199,6006,5393,5101,4689,4378,3978,3521,3130,2759,2276,2035,1594,1351,1004,879,684,552,413,355,280,236,216,170,134,113,84,90,81,64,78,60,49,28,40,39,26,20,10,15,14,13,7,14,12,5,2,4,6,3,2,2,2,2,4,1,1,4,1,1,2,1,1,1,1,1,1,1,1
sample132,19823,4248,4092,5044,6199,7392,8478,9274,9299,9630,9259,8552,8121,7549,7018,6593,6101,5868,5329,5067,4731,4216,3786,3392,2997,2587,2175,1753,1474,1223,953,819,625,528,413,393,280,263,206,167,150,129,122,120,100,84,65,79,44,53,54,35,33,28,27,22,21,20,12,16,8,7,16,9,10,8,8,3,2,3,2,1,4,4,3,1,2,1,1,1,1,1,1
sample133,23993,7331,8038,9993,11968,13597,14607,15323,14852,14419,13796,12855,11695,11053,10212,9551,8685,8093,7349,6553,5776,4859,4049,3460,2857,2192,1914,1524,1167,953,787,602,536,395,381,325,274,260,193,182,158,128,113,99,90,68,65,52,46,43,24,33,24,17,16,15,11,9,11,5,8,1,6,4,5,4,2,4,3,1,2,2,3,3,1,2,1,2,1
sample134,21802,4695,4600,5533,6735,7897,8818,9392,9878,9654,9173,8707,8261,7631,7273,6867,6298,5998,5684,5193,4842,4331,3727,3451,2758,2452,2041,1653,1305,1136,924,752,580,494,384,342,259,223,180,163,150,128,100,107,69,73,46,62,59,52,44,33,32,22,17,21,21,16,13,15,9,8,10,13,7,5,3,5,4,2,1,2,2,2,2,1,1,2,2,2,1,2,1,1,1
sample135,23161,5435,5439,6578,7839,9181,10355,10994,10963,10700,10189,9695,9142,8442,8149,7609,6897,6457,6088,5631,4998,4530,3914,3415,2812,2358,1994,1613,1289,1069,813,691,562,468,359,315,285,216,188,155,156,139,110,109,86,66,65,63,49,53,39,42,28,24,20,12,17,21,17,10,9,11,5,5,3,1,7,5,6,5,5,4,4,2,3,1,2,1,1,1,1,2,1,1,2,1,2,1,1,1
sample136,26994,6022,6100,7078,8399,9605,10945,11814,12404,12262,11994,11559,10995,10539,10135,10015,9441,9012,8514,7983,7460,6844,6108,5388,4608,4031,3321,2714,2238,1794,1532,1225,1044,823,692,566,466,414,364,341,274,250,236,205,173,160,143,139,115,98,89,74,75,68,46,57,50,40,33,37,19,19,16,17,16,16,12,13,12,8,9,12,7,5,7,1,2,3,4,2,2,4,1,1,1,1,1,1,2,1,1,1,2,1,1,1,1,1,1,1
sample137,13578,2882,2744,3330,4110,4730,5176,5459,5580,5581,5164,4800,4450,4031,3913,3538,3327,3130,2752,2667,2273,2094,1731,1542,1299,1106,899,739,545,488,359,255,212,160,129,95,87,89,66,43,39,36,43,29,27,21,14,14,15,13,11,7,8,6,3,4,2,1,5,3,1,2,1,1,1,1,1,1,1,1,1
sample138,7467,1179,879,1038,1216,1280,1478,1605,1574,1697,1581,1442,1449,1309,1148,1186,1086,1003,955,848,789,744,643,567,489,403,357,318,237,185,143,127,94,74,51,35,31,30,13,18,18,3,5,7,5,4,1,3,1,2,1,1,1,1,1
sample139,18862,4372,4339,5363,6363,7454,8085,8657,8689,8580,8108,7564,6903,6394,5962,5600,5265,4799,4541,4107,3851,3188,2810,2395,2084,1727,1347,1143,956,745,562,459,358,302,259,197,177,159,132,110,94,83,67,69,38,48,29,19,33,24,20,18,16,7,11,14,7,11,3,4,3,3,4,2,3,2,2,3,1,1,1,1,1,1,1,1,1,1
sample13,22689,4499,3677,3645,3937,4088,4258,4420,4487,4515,4660,4570,4535,4530,4252,3995,3827,3485,3194,2932,2644,2319,1977,1772,1677,1417,1348,1173,1131,1038,914,807,823,744,684,657,566,535,481,443,368,365,266,271,225,173,176,128,82,86,89,70,74,59,45,28,41,42,28,36,21,21,16,14,11,23,15,14,11,7,4,7,7,3,4,7,8,5,3,6,6,7,2,4,1,2,3,3,1,2,3,1,1,1,1,1,1,1,1
sample140,26175,8032,8543,10494,12471,14230,15415,15817,15747,14823,13705,12492,11494,10276,9326,8403,7654,7082,6456,5711,5028,4352,3812,3150,2615,2115,1797,1373,1187,850,668,557,460,401,316,256,215,169,181,136,120,109,86,78,58,54,52,33,37,29,24,25,21,19,15,12,10,14,8,10,4,1,3,2,3,1,5,4,3,1,3,1,1,1,1,1
sample141,30611,6774,5781,6264,7829,9146,10229,11213,11439,11503,11055,10306,9843,9133,8664,8011,7804,7296,6816,6306,5927,5416,4733,4143,3526,3151,2592,2208,1791,1441,1197,950,786,660,522,381,341,330,236,233,190,153,156,123,103,105,68,79,63,60,40,42,34,34,31,22,22,15,17,17,12,10,4,9,6,5,6,4,2,2,3,2,5,1,2,2,1,1,1,2,1,1,2,1,1
sample142,18923,4280,4094,4845,5925,6727,7567,8087,8323,8498,8076,7552,7088,6540,6102,5706,5301,5001,4564,4391,3888,3580,3241,2943,2600,2138,1790,1505,1222,1041,833,667,569,426,365,274,230,201,145,140,112,102,86,97,56,65,55,45,41,38,30,19,18,21,12,15,14,12,14,1,11,12,7,5,7,2,3,1,6,2,1,2,1,3,2,1,1,1,1,1,1
sample143,25430,6634,6431,7845,9316,10550,11454,12005,12049,11860,11301,10622,9904,9370,8831,8178,7645,7229,6697,6059,5521,4897,4244,3687,3166,2598,1971,1704,1363,1150,917,753,659,496,385,368,289,241,190,208,165,135,120,103,97,91,76,65,51,40,45,30,33,31,23,20,22,10,14,15,10,14,10,12,4,6,6,3,2,5,1,4,2,4,4,1,1,3,1,1,2,2,1,1,2
sample144,26824,5725,5472,6538,7879,9102,10362,11093,11627,11868,11545,11165,10516,9924,9552,9249,8663,8330,7878,7521,6915,6384,5776,5153,4465,3977,3258,2801,2418,1821,1564,1250,996,819,694,576,458,412,314,330,272,229,214,177,150,129,138,118,99,99,90,56,58,48,44,40,31,30,19,25,19,15,20,17,12,8,10,5,7,7,8,9,4,4,1,3,3,1,1,1,1,1,1,1,2,2,1,1,2,2,1,2,1,1,1
sample145,15592,2944,2675,3358,3932,4584,5242,5582,5542,5507,5207,4903,4475,4331,3790,3604,3460,3151,2954,2641,2402,2135,1918,1640,1336,1119,938,756,647,531,346,293,225,166,144,116,91,58,56,47,39,33,20,16,21,18,12,19,10,12,9,2,6,6,4,3,3,2,4,3,1,2,1,2,1,1,1
sample146,16914,4486,4729,5788,6858,7992,8636,9182,9054,8987,8433,7928,7146,6664,5945,5653,5278,4774,4247,3957,3476,3077,2667,2269,1986,1618,1255,1056,762,618,463,426,300,260,182,161,146,122,96,86,83,53,61,52,20,42,26,33,22,15,12,16,8,11,7,3,8,5,2,1,4,6,1,1,2,3,1,2,1,1,1
sample147,24210,7225,7853,9604,11312,12656,13418,13776,13482,12714,12004,11248,10565,9821,9092,8504,7686,6890,6249,5286,4552,3878,3146,2525,2055,1760,1335,1085,874,665,542,414,358,294,244,204,175,157,116,128,94,95,70,62,54,53,47,38,30,20,19,20,17,13,15,7,11,10,6,6,5,4,3,1,1,1,1,1,3,3,1,1,1,1,1,1,1
sample148,30086,7434,7169,8312,10253,11851,13014,13757,13679,13506,12858,12024,11058,10543,9817,9146,8526,7910,7301,6654,6012,5083,4401,3737,3102,2683,2092,1637,1427,1127,883,721,576,476,381,383,293,232,232,189,148,142,138,106,101,77,68,80,61,51,43,27,30,34,19,18,22,14,11,12,8,13,11,4,3,4,7,5,1,1,3,4,5,2,1,1,1,1,1,1,2,1,1,1
sample149,15126,3067,2557,2943,3604,4028,4508,4932,5034,4832,4803,4332,3903,3687,3434,3109,2842,2754,2458,2308,2128,1943,1671,1513,1247,1119,885,748,588,482,407,321,282,176,152,123,96,74,62,38,35,32,33,27,21,24,10,18,21,5,7,9,11,8,2,5,4,4,1,2,3,2,1,3,1,1,1,1,1,1,1,1
sample14,20438,1944,629,477,466,494,558,599,685,716,697,798,887,957,969,1030,1085,1041,1036,985,999,927,851,806,745,704,574,574,529,492,433,430,383,390,393,380,361,342,314,311,319,311,291,261,232,235,170,177,142,136,135,95,81,63,63,39,42,38,36,17,21,24,23,8,11,11,11,9,9,3,3,5,4,3,4,4,3,5,2,4,4,1,1,3,3,3,2,1,1,1,1,1,3,1,1,1,1,1
sample150,19858,5543,5968,7196,8737,9901,10755,11176,11041,10648,10106,9342,8578,8009,7421,6887,6406,5858,5436,4871,4291,3716,3165,2719,2202,1897,1426,1159,980,755,604,504,394,308,257,239,193,175,133,120,119,87,75,81,51,59,46,45,31,21,22,28,17,15,17,18,9,10,5,5,6,6,3,4,3,3,7,1,1,1,3,2,1,2,1,1,2,1,1,1
sample151,17109,3674,3326,3941,4746,5461,6106,6499,6756,6739,6436,6198,5862,5319,5113,4854,4568,4332,4115,3773,3395,3074,2810,2317,1961,1723,1462,1207,953,753,652,491,398,350,264,212,164,148,126,102,84,89,55,51,52,41,43,34,32,32,17,24,18,17,13,12,10,9,3,2,8,4,4,5,2,3,2,3,2,3,1,2,1,1,1,1,1,1,1,1,1
sample152,9474,1389,779,824,1035,1103,1327,1453,1561,1641,1734,1614,1517,1436,1328,1333,1243,1186,1151,994,998,931,930,879,802,752,667,567,500,405,384,293,249,208,161,149,95,84,60,51,46,27,24,23,15,17,9,9,8,1,8,12,7,5,2,3,5,2,1,1,1,1,2,1,2,1,1,1,1,1
sample153,4864,597,322,338,412,493,559,572,611,588,600,558,476,462,442,378,357,374,330,354,262,262,224,159,159,135,110,99,63,50,37,30,26,18,13,10,7,6,4,4,2,2,1,3,1,1,1,1,1
sample154,14510,3602,3384,4045,4760,5564,6136,6496,6590,6345,6048,5763,5320,4966,4660,4205,3866,3607,3204,3068,2735,2513,2253,1929,1635,1352,1187,963,754,583,484,376,309,210,201,146,109,103,83,68,56,47,41,33,31,30,26,18,15,17,10,9,9,7,10,9,8,3,2,4,5,1,1,3,1,4,1,2,2,2
sample155,23868,8240,9237,11307,12985,14914,15997,16439,15685,14987,13704,12481,11292,10180,9148,8342,7600,6949,6216,5572,4912,4134,3509,2846,2394,2037,1629,1280,1036,829,670,543,457,335,281,258,219,180,155,158,119,95,69,95,49,53,42,43,40,44,25,18,14,24,10,9,9,9,7,2,3,4,3,2,2,3,1,1,2,1,1,1,1,1,1,1,2,2,1,1,1
sample156,21138,5591,5863,7161,8650,9868,10525,11050,11063,10465,9993,9075,8403,7925,7129,6709,6035,5630,4983,4571,4067,3328,2851,2397,2030,1590,1294,1034,845,665,569,436,349,273,276,222,173,183,123,98,101,84,67,58,57,56,33,23,30,28,18,16,13,22,21,10,11,5,6,5,4,5,7,1,1,3,3,1,1,1,1,2,1,1,1,2,2,1,1
sample157,34128,9470,9551,11498,13630,15451,16933,17473,17672,17063,16118,15174,14044,13253,12474,11547,10530,9800,8816,7934,6877,6156,5264,4434,3762,3022,2491,1966,1635,1305,1021,873,701,597,493,438,346,360,274,230,210,214,159,138,137,91,110,87,89,58,52,54,45,29,36,20,14,24,20,21,17,8,7,7,5,10,5,7,3,3,2,1,6,2,1,1,1,1,2,3,2,3,2,1,1,1,1,1,1,1,1,1
sample158,29827,10368,12156,14808,17370,19149,20237,20437,19596,18493,17443,16086,15085,13641,12888,11726,10745,9441,8245,7077,5869,5020,4149,3308,2673,2105,1658,1370,1074,873,759,637,520,418,390,314,278,235,188,185,178,144,121,105,81,82,54,46,52,42,29,34,22,18,18,9,15,10,10,9,5,6,8,4,4,4,6,3,3,2,5,2,1,1,2,2,1,2,1,1,1,1
sample159,26624,7106,7723,9506,11550,13131,14207,14800,14677,14249,13220,12669,11773,10812,10075,9529,8798,8082,7467,6587,5857,5040,4318,3579,3077,2420,1967,1611,1292,1013,859,715,609,526,387,351,306,248,217,169,162,143,139,107,112,78,69,72,52,42,44,28,31,28,32,15,17,13,13,14,7,8,6,8,6,4,10,9,2,3,3,2,2,2,1,1,4,1,1,1,1,1,1,1,1
sample15,12711,1047,103,14,1
sample160,23038,6766,7520,9357,10987,12725,13665,13940,13946,12967,12335,11400,10622,9815,9127,8578,7822,7130,6490,5639,4921,4204,3510,2874,2389,1847,1646,1231,1017,867,665,548,475,364,342,264,225,215,193,163,143,120,106,73,70,76,60,49,47,44,31,26,27,27,24,25,15,12,12,8,10,8,9,4,4,4,1,5,5,1,1,3,3,1,1,2,2,2,1,1,1,1,1,1,1,1
sample161,6496,3391,3621,4019,4109,4207,4011,3722,3468,3013,2574,2241,1976,1811,1603,1358,1187,1002,890,673,577,455,382,313,252,160,113,84,52,55,36,28,20,21,7,4,6,2,5,1,2,2,1,2
sample162,15551,3937,3790,4517,5443,6239,6991,7478,7453,7195,6942,6180,5522,5042,4488,3796,3505,3211,2895,2758,2346,2228,1887,1662,1383,1185,965,790,656,471,387,307,245,194,143,123,107,67,72,40,41,41,31,20,30,20,14,12,10,12,4,10,5,6,4,2,1,2,4,1,1,1,1,2,1,1,1
sample163,23058,6009,6334,7258,8777,10377,11677,12704,13120,13058,12200,11788,10784,9958,9058,8354,7770,7170,6706,6313,5735,5330,4725,4244,3668,3133,2771,2323,1978,1566,1341,1049,857,676,558,483,380,314,237,210,213,177,129,111,102,102,73,62,58,69,45,51,42,34,46,28,31,18,15,12,15,7,6,10,8,8,5,3,3,3,2,2,6,2,4,1,1,2,1,2,1,1,1
sample164,20322,4437,4238,5014,6184,7361,8338,9004,9146,9437,8877,8321,7695,6949,6374,5933,5647,5143,4716,4354,4039,3795,3186,2792,2510,2181,1860,1535,1287,997,893,637,507,428,327,272,239,168,140,142,124,95,80,67,55,50,45,33,42,22,29,17,26,20,20,19,12,8,5,3,3,6,6,5,5,1,2,1,3,4,2,1,1,1,1,1,1,1,1
sample165,10972,1669,1250,1424,1752,1995,2356,2589,2592,2540,2400,2305,2119,1915,1814,1668,1447,1403,1347,1215,1102,1034,924,778,654,554,492,379,284,213,169,149,98,83,66,34,37,21,13,6,11,6,6,5,6,1,4,3,1,2,3,3,1,1,1
sample166,24317,4967,4687,5547,6788,8406,9399,10316,11258,11618,11182,10819,10235,9616,8752,8254,7725,7127,6683,6211,5945,5580,5145,4767,4241,3792,3260,2837,2358,1976,1685,1397,1174,894,758,627,508,421,375,307,262,213,205,178,174,161,136,113,91,97,75,85,61,59,45,37,27,29,31,10,21,18,8,22,12,15,7,10,12,4,8,4,6,7,2,2,7,2,2,1,1,1,2,2,1,1,3,1,3,1,2,2,1,1,1,1
sample167,23319,5200,5222,6523,7867,9093,10461,11079,11518,11294,10933,10523,9577,8754,8169,7621,7234,6550,6103,5721,5328,4933,4268,3758,3287,2700,2395,1990,1583,1308,1080,821,682,546,414,360,336,262,223,198,146,137,110,99,98,88,72,53,60,54,44,48,30,23,25,22,11,16,9,15,12,12,11,9,8,9,3,2,5,4,4,1,2,2,2,3,4,1,1,3,1,1,1,1,1,2,1,1
sample168,20370,4348,4184,5032,5991,7257,8251,9141,9275,9461,9288,8870,8310,7645,7062,6532,6220,5926,5624,5365,5048,4579,4080,3678,3354,2860,2403,2040,1630,1362,1128,957,760,588,457,364,324,266,233,184,150,151,127,100,103,71,79,62,63,55,47,46,39,30,31,18,20,17,19,10,13,11,11,8,6,5,3,7,3,7,3,3,4,1,3,2,1,1,2,1,2,2,2,1,1,1
sample169,18632,3984,3974,4944,6040,6984,8107,8830,9054,9019,8828,8321,7747,7438,6837,6339,6040,5802,5339,5034,4731,4293,3880,3430,2910,2550,2080,1732,1357,1156,939,721,589,472,403,316,242,203,149,167,119,115,85,88,68,64,56,51,49,43,33,26,32,34,22,10,15,18,21,6,7,5,9,7,7,3,3,1,2,1,1,2,2,1,1,1,1,2,1,1,2,2,1,1,1,1
sample16,12046,2870,1301,755,459,314,200,162,98,74,46,29,25,22,5,12,6,9,6,2,1,2,1
sample170,13677,6187,7203,8360,9111,9460,9364,8904,8239,7396,6602,5858,5375,4672,4210,3684,3039,2711,2302,1891,1515,1233,951,722,575,391,322,251,178,144,106,94,84,50,45,37,32,31,27,22,10,11,11,6,9,11,3,6,8,4,1,2,1,1,1,1,1,2,1,1
sample171,16021,2637,2155,2479,2843,3515,4078,4420,4639,4781,4568,4251,3978,3697,3518,3328,3117,2956,2813,2634,2468,2215,1886,1879,1634,1376,1152,1061,821,656,526,471,363,254,216,165,140,102,64,71,61,37,42,36,37,19,14,13,19,11,16,12,12,9,5,8,9,5,2,1,4,2,4,3,5,3,2,2,1,1,2,1,1
sample172,16141,3160,2860,3452,4237,5039,5762,6096,6409,6334,6060,5760,5281,4766,4348,3982,3756,3516,3304,3033,2701,2450,2224,1843,1708,1379,1197,953,804,655,499,385,310,275,199,161,121,100,86,64,53,44,45,33,30,35,16,14,15,22,12,9,11,4,10,4,7,7,1,7,2,3,1,3,3,1,1,1,2,1,1
sample173,23687,6150,6679,8357,10115,11918,13017,13538,13382,12910,11860,11078,10307,9555,8769,7948,7458,6878,6188,5647,4967,4255,3611,3202,2477,2029,1749,1412,1094,886,663,542,474,382,353,298,218,204,191,153,145,120,104,85,70,58,58,61,52,35,28,21,24,21,10,20,14,11,9,9,3,3,7,4,3,7,7,3,2,2,1,2,2,2,1,2,1,1,1,1
sample174,15995,3360,3145,3831,4418,5144,5902,6474,6662,6666,6251,6124,5573,5098,4820,4532,4242,4097,3799,3433,3228,2925,2739,2307,1986,1690,1408,1185,949,769,575,453,359,283,243,186,157,114,104,74,77,55,68,47,28,30,30,29,23,17,20,8,12,9,9,4,8,4,10,7,3,6,3,3,2,2,1,1,1,1,1,1,1,1,1,1
sample175,11843,2095,1579,1715,1971,2237,2412,2561,2602,2613,2517,2364,2153,1975,1884,1699,1561,1441,1382,1303,1189,1096,904,825,717,592,491,421,321,265,189,165,129,100,55,63,55,31,31,28,21,14,16,10,8,6,8,6,5,6,4,5,5,1,2,2,2,4,1,2,1,2
sample176,9736,1718,1387,1586,1910,2182,2494,2745,2860,2868,2690,2509,2381,2111,1948,1794,1702,1568,1465,1316,1276,1097,978,845,734,597,528,449,339,278,211,184,141,101,78,51,51,39,37,25,27,12,12,16,9,10,8,10,5,3,4,7,2,2,1,3,1,2,1,1,1,3
sample177,17939,3454,3136,3688,4490,5308,5951,6600,6735,6648,6497,6338,5852,5497,5144,4776,4547,4232,4055,3762,3504,3022,2800,2595,2242,1892,1512,1291,1081,875,707,591,449,371,304,254,181,137,131,115,104,75,68,63,54,49,37,35,41,34,30,18,17,11,8,13,11,18,5,8,2,5,5,2,2,4,2,2,1,2,2,1,1,1,2,1,1,1,1,1,1,1,1
sample178,16435,3224,2925,3507,4227,4907,5345,5583,5644,5510,5326,5009,4689,4447,4170,3972,3648,3526,3245,3000,2671,2340,2109,1840,1544,1264,1071,835,642,523,411,320,270,198,189,133,126,104,81,63,40,57,53,35,23,27,33,18,13,17,10,7,6,6,5,4,5,4,6,3,4,4,3,1,1,2,1,1,1
sample179,17076,3597,3465,4030,4941,5599,6277,6702,6778,6563,6080,5767,5280,5036,4704,4389,4078,3759,3652,3232,3002,2579,2250,1948,1609,1352,1088,919,694,533,437,362,291,226,174,148,111,83,85,78,64,42,50,48,42,28,31,28,27,15,15,15,10,4,8,8,5,5,4,4,8,1,1,3,2,3,2,1,1,2,1,1,1,1,1,1,1
sample17,25832,2505,1326,1148,1227,1328,1448,1586,1769,1904,2054,2335,2495,2653,2952,2967,3011,3048,3053,2847,2699,2512,2353,2140,1853,1795,1517,1385,1387,1301,1189,1176,1082,1123,1101,1127,1082,1057,915,950,889,774,704,681,571,506,455,386,344,310,270,237,195,186,156,123,99,92,81,71,54,47,44,34,45,35,37,20,34,24,23,17,16,15,16,18,13,20,10,12,10,8,8,7,5,9,7,7,2,6,7,5,6,4,1,4,1,3,4,1,4,3,2,1,1,4,1,2,1,1,1,2,1,1,1,1,1,1,1
sample180,15045,3141,3112,3895,4727,5363,6041,6263,6501,6185,5798,5427,5100,4669,4257,3919,3661,3403,3129,2818,2471,2267,1951,1643,1376,1072,963,739,501,416,321,263,213,154,133,90,76,70,71,50,41,43,33,38,23,27,18,19,8,7,6,8,4,4,2,9,4,1,3,2,1,1,1,1,1,1
sample181,14765,2924,2744,3295,4074,4764,5393,5466,5590,5545,5159,4804,4405,4119,3781,3555,3279,3066,2771,2556,2231,1984,1728,1352,1233,982,770,632,480,393,266,237,176,127,131,91,89,74,75,51,46,30,28,26,22,17,14,14,14,11,8,4,7,9,3,3,2,3,2,2,3,2,2,1,2,2,1,1,1
sample182,15258,2999,2836,3320,4156,4811,5305,5717,5751,5594,5588,5051,4873,4492,4279,3894,3698,3343,3256,2985,2708,2411,2099,1847,1552,1241,1022,792,650,531,436,345,253,199,160,124,103,85,74,55,43,50,35,37,29,18,28,16,10,18,8,8,10,3,3,4,6,3,1,2,3,2,1,2,2,1,1,1,1
sample183,17809,2699,1959,2314,2668,3400,3822,4222,4566,4757,4644,4528,4374,4032,3686,3557,3344,3131,3087,2875,2702,2471,2404,2186,2081,1874,1593,1342,1177,988,800,655,556,437,353,274,197,186,154,109,107,63,58,61,55,49,35,34,23,31,26,13,15,17,17,20,14,9,4,6,7,4,6,5,5,2,4,2,2,1,2,1,2,1,2,1,1
sample184,14492,2708,2532,3085,3723,4407,4822,5185,5305,5224,5110,4777,4592,4068,3980,3797,3565,3448,3179,2891,2539,2376,2000,1748,1480,1201,1006,790,611,450,357,289,239,176,135,128,78,82,65,58,49,35,33,36,33,19,16,26,16,16,8,5,4,6,5,5,2,5,3,1,2,1,1,1,1,1,1,1
sample185,11812,2665,2427,2916,3400,4186,4651,5099,5313,5192,5163,4907,4504,4189,3836,3599,3269,3159,2957,2689,2451,2268,2058,1866,1649,1454,1219,962,777,647,547,427,369,279,215,181,157,106,98,75,53,41,52,46,40,30,27,18,13,14,17,12,12,4,8,6,4,7,3,2,2,1,3,2,2,1,3,1,1,1,1,1,2,1
sample186,14490,3397,3500,4261,5101,5676,6121,6523,6441,6143,5670,5201,4568,4250,4050,3638,3250,2931,2600,2386,2121,1753,1532,1258,1130,852,625,539,447,316,257,214,171,100,85,64,64,51,33,42,28,9,38,15,15,15,11,6,7,6,6,4,6,3,1,3,4,1,1,1,2,1,1,1
sample187,10042,1815,1531,1909,2373,2690,2906,3151,3194,3074,2868,2684,2383,2229,2095,1957,1754,1634,1431,1294,1184,1029,926,772,640,483,368,329,263,187,148,90,76,75,33,47,36,33,17,21,10,12,17,10,8,9,7,8,5,2,1,3,2,2,1,1,1,1,2,1,1
sample188,18741,4224,4343,5350,6575,7648,8320,8662,8567,8304,7602,7044,6440,5881,5304,4893,4525,3989,3732,3223,2847,2449,2096,1810,1406,1151,916,653,584,432,335,297,254,191,159,135,107,82,82,67,70,52,37,39,34,35,27,22,16,14,10,13,14,8,6,8,5,3,2,4,1,1,2,1,2,4,1,1,1,1,1,2,1,1,1
sample189,21815,4656,4603,5615,7106,8415,9453,10383,10742,10425,10179,9392,8791,7928,7316,6850,6158,5916,5509,4968,4711,4033,3780,3144,2851,2366,1986,1653,1371,1118,882,771,597,496,409,360,248,244,207,159,145,127,115,100,97,69,61,71,50,39,41,32,29,22,22,11,16,14,17,13,6,7,4,3,2,6,4,1,3,1,2,2,2,1,2,3,1,2,2,1,1,1,1
sample18,24579,2625,1502,1412,1583,1686,1872,2023,2078,2400,2447,2640,2747,2885,3100,3123,3060,2990,2834,2648,2501,2279,2040,1865,1680,1564,1438,1300,1228,1222,1137,1106,1072,1072,1024,937,912,857,792,734,690,676,535,512,429,368,357,281,245,182,173,160,125,106,98,76,58,47,51,38,44,34,28,28,24,23,19,15,15,13,13,16,11,9,14,13,9,7,6,9,7,2,4,11,11,4,1,1,3,4,2,3,4,5,1,1,2,1,3,1,1,2,1,1,1,1,1,1,1,1,1
sample190,12883,3135,3195,3692,4528,5181,5726,5816,5933,5479,5105,4519,4171,3556,3298,2933,2544,2371,2104,1835,1613,1408,1257,1004,858,676,541,421,380,270,208,161,137,96,88,75,64,47,48,25,17,20,21,14,19,6,7,8,16,8,3,6,3,2,1,4,2,1,2,1,1,1
sample191,15521,2671,2077,2329,2831,3373,3988,4465,4894,4935,4939,4716,4492,4297,3864,3589,3210,3125,2824,2741,2578,2483,2266,2084,1865,1595,1489,1288,1079,968,809,700,531,424,354,265,210,186,157,134,113,104,70,57,56,47,46,41,32,30,23,26,24,11,14,17,9,11,13,7,9,5,7,8,5,7,4,3,2,1,2,1,2,2,1,1,1,1,2,1,1
sample192,18753,3398,3114,3570,4303,5031,5895,6332,6949,7137,6945,6926,6540,6137,5755,5314,5015,4738,4598,4317,4021,3699,3499,3221,2855,2595,2162,1929,1595,1398,1099,938,769,626,501,412,312,255,228,183,146,117,99,92,98,87,84,67,71,52,44,47,34,29,28,27,23,15,17,14,14,12,12,9,7,7,10,6,1,2,1,3,5,3,2,2,1,1,1,2,1,1,1,1,1
sample19,14464,1228,295,206,239,223,235,273,290,329,369,397,406,437,409,393,361,375,362,370,312,292,251,224,196,180,169,145,173,157,159,144,136,115,115,101,110,95,84,83,57,54,42,54,39,31,22,23,11,15,13,15,9,12,12,4,7,1,1,3,1,1,1,1,1,2,1
sample1,20079,1771,415,229,252,238,309,304,347,348,424,498,581,574,638,667,759,761,738,766,760,724,639,565,527,493,469,405,355,288,330,294,293,274,256,246,273,273,248,240,234,222,235,226,177,187,172,149,127,107,111,102,88,64,69,51,34,33,37,32,30,12,11,9,6,5,8,3,5,2,3,1,2,3,3,1,1,1,2,1,2,1,1,1
sample20,18422,1712,434,360,342,367,380,451,478,490,556,618,656,756,758,773,803,839,811,761,769,767,704,641,592,520,481,416,413,390,404,342,380,310,313,312,294,341,300,244,270,242,251,229,190,184,162,144,128,112,87,82,72,57,55,44,29,22,27,20,19,9,12,11,7,4,14,1,6,6,2,2,2,2,3,3,1,5,1,1,1,1,1,1
sample21,19056,1852,280,151,154,156,156,203,176,209,225,227,270,307,288,314,348,311,314,302,271,259,277,225,210,172,165,142,136,131,119,129,110,92,106,92,103,95,93,96,73,85,73,58,68,44,45,49,34,23,22,24,24,30,4,6,5,7,4,6,10,4,2,2,1,3,1,1,4,1,1,1
sample22,25042,2570,1146,1019,1109,1158,1309,1392,1540,1674,1827,1862,1999,2049,2127,2264,2221,2231,2190,2120,1967,1782,1725,1532,1392,1301,1156,1127,1002,960,976,843,834,803,768,778,719,701,695,677,645,565,517,474,433,350,334,298,245,226,189,159,152,126,104,83,75,66,56,46,46,37,24,27,30,19,17,20,12,14,12,15,6,10,10,2,14,6,3,10,4,8,8,3,6,4,8,8,5,3,4,5,2,1,4,1,3,3,1,1,1,1,1,1,1,1,1,1,1
sample23,25946,2816,1217,1036,1112,1198,1290,1367,1400,1548,1695,1710,1709,1810,1774,1887,1783,1902,1716,1665,1510,1432,1363,1205,1061,1021,902,834,754,759,701,632,572,646,573,513,478,501,447,447,382,331,330,286,275,257,204,183,157,126,98,107,69,78,56,55,46,46,24,33,20,25,13,14,14,9,12,10,8,14,5,3,10,6,3,5,3,1,4,6,1,3,3,3,3,2,2,1,1,1,2,1,1,1,2,1,1,2,1,1,1,1,1,1,1,1
sample24,37017,4049,2028,1825,1978,2158,2219,2418,2570,2727,2830,3088,3248,3471,3655,3683,3688,3832,3730,3741,3521,3477,3124,2754,2616,2327,2264,1976,1781,1626,1553,1425,1331,1290,1256,1196,1221,1159,1078,1051,1032,966,895,801,767,681,661,620,516,481,406,368,291,286,253,199,173,150,131,108,78,85,69,70,70,48,46,43,32,34,25,31,21,21,19,19,19,8,13,17,16,15,10,13,5,9,11,6,8,1,5,6,8,3,2,3,2,5,1,2,1,3,3,1,4,1,1,2,1,1,2,1,2,1,1,2,1,1,2,1,1,1,1,1
sample25,31365,3425,1969,1885,2009,2140,2402,2510,2932,3069,3367,3772,4079,4277,4457,4587,4609,4532,4386,4092,3805,3535,3190,2938,2699,2443,2369,2154,2014,2000,1935,1872,1822,1750,1713,1702,1611,1520,1441,1302,1267,1133,1030,867,830,683,630,541,489,356,324,306,240,234,181,148,144,118,110,94,97,79,77,58,52,55,44,51,27,36,34,34,42,30,41,19,23,25,19,16,20,20,16,27,20,14,21,11,18,7,7,7,5,5,10,6,7,9,4,5,5,4,1,4,3,4,1,6,1,4,1,1,1,1,1,1,1,2,1,1,2,1,1
sample26,19338,2291,1318,1337,1348,1486,1662,1768,1923,2066,2182,2314,2451,2596,2595,2547,2523,2416,2360,2054,1940,1914,1533,1501,1346,1362,1134,1146,1055,988,936,915,931,810,794,739,703,627,574,519,516,440,395,307,288,254,176,200,163,120,104,93,74,53,59,46,33,30,34,23,14,11,10,14,15,10,7,10,16,16,6,10,2,4,4,4,4,1,3,4,4,1,3,1,3,2,3,2,1,1,1,2,1,1,2,1,1,1,1,2,1
sample27,38378,5842,4453,4566,5086,5529,6091,6440,7318,7625,8360,8877,9282,9518,9495,9249,9070,8499,7853,7223,6614,5777,5447,4728,4409,4014,3679,3569,3199,3116,3051,2774,2774,2524,2346,2269,1999,1923,1630,1541,1396,1146,1061,878,754,585,530,473,433,353,303,271,232,204,210,182,118,116,112,118,92,75,81,81,74,55,57,40,47,46,36,43,35,29,35,30,31,28,21,15,21,20,20,11,13,17,14,8,11,7,8,8,6,6,4,3,2,6,4,6,3,6,2,4,1,1,1,2,1,2,1,3,1,2,2,2,1,1,1,1,1,1,1,1
sample28,39101,4068,2214,2156,2195,2360,2636,2857,3264,3581,3962,4252,4576,4988,5269,5352,5301,5336,5066,4679,4492,4130,3816,3535,3198,2892,2816,2580,2420,2399,2340,2266,2194,2167,2044,1955,1890,1724,1727,1574,1426,1314,1190,1105,873,820,741,624,555,470,406,340,263,217,216,197,157,145,108,112,102,68,66,76,59,56,54,56,47,46,47,44,34,34,32,24,28,28,21,35,22,19,16,15,22,14,11,11,18,13,4,8,4,8,3,5,8,6,8,1,2,2,2,4,1,1,4,1,1,1,1,1,1,4,1,1
sample29,27403,2700,1083,846,853,965,956,1093,1162,1328,1417,1537,1683,1750,1812,1965,1996,2130,2119,2108,2021,1850,1854,1739,1564,1445,1357,1197,1023,989,948,817,849,778,749,753,705,745,673,671,640,586,561,528,519,498,443,410,391,324,299,238,225,189,160,130,143,108,87,81,70,65,51,45,28,36,29,21,14,25,15,22,14,14,11,9,11,5,5,13,4,7,5,4,2,5,5,7,5,2,1,7,4,4,3,3,2,3,2,2,1,2,1,2,1,1,2,1,1,1,1,1,1
sample2,14060,1234,305,274,221,256,263,335,357,405,468,503,581,604,634,728,744,770,714,678,660,631,577,530,447,448,355,370,330,294,294,277,285,274,274,275,242,255,246,234,222,225,187,185,163,150,105,116,91,82,76,66,57,51,39,34,32,15,21,18,9,12,6,11,3,1,5,2,3,1,2,3,1,1,2,1,1,1
sample30,30996,3989,2515,2545,2656,2902,3263,3596,3980,4239,4598,5019,5194,5445,5586,5496,5398,5180,4833,4528,4128,3916,3436,3024,2755,2501,2316,2090,2004,1961,1871,1716,1652,1655,1510,1377,1300,1323,1112,1096,955,828,781,667,527,510,451,339,322,271,232,186,145,142,108,103,99,61,60,64,58,30,35,41,29,23,25,22,31,18,26,16,18,8,17,18,7,8,14,13,12,11,5,8,7,11,3,3,7,5,6,1,1,2,1,1,5,3,5,1,1,1,1,1,1,2,2,1,1,1,1,1,1,1,1,1,1
sample31,24523,3139,1829,1841,1755,1842,1939,2054,1933,1884,2019,1939,1875,1771,1668,1664,1544,1415,1261,1083,1026,898,795,732,604,561,456,411,409,363,345,314,265,272,217,198,182,168,153,152,123,91,76,73,63,56,45,44,31,21,24,17,19,18,18,9,6,6,2,3,3,6,7,3,4,2,3,1,2,2,4,2,1,1,1,1,1,1,1,1
sample32,43719,6393,4310,4279,4482,4829,5045,5448,5591,5907,6088,6364,6559,6774,6881,7038,6880,6886,6414,6179,5782,5234,4902,4299,3961,3683,3361,3083,2760,2587,2471,2325,2235,2045,1977,1991,1811,1719,1685,1532,1504,1359,1234,1118,1059,958,807,724,632,572,498,387,333,317,282,233,223,177,171,137,110,126,114,97,89,81,72,74,66,47,54,57,38,32,48,31,32,31,31,20,28,26,28,14,18,16,15,16,13,12,8,10,6,8,4,7,5,4,13,7,4,2,6,6,4,4,6,3,3,4,3,5,1,1,2,3,2,1,1,2,1,1,1,1,1,1,1,1,2,2,1,1,1,1,1,1,1,1,1
sample33,40981,6128,4448,4545,4991,5416,5871,6357,6967,7578,7932,8611,8925,9335,9377,9195,8846,8435,7994,7273,6631,6100,5422,5032,4578,4145,3904,3620,3411,3351,3137,3079,2928,2766,2574,2324,2207,2042,1895,1760,1539,1421,1157,1087,895,784,665,589,522,435,354,362,303,228,225,209,183,157,147,101,121,107,112,94,75,68,69,59,59,58,60,40,53,40,37,38,33,24,27,27,26,16,16,16,13,16,16,12,9,10,9,7,6,6,5,4,8,7,5,7,5,6,5,2,2,2,3,1,2,2,3,2,1,2,3,1,2,1,3,1,1,2,1,1,4,1,2,1,1,1,1,1,1,1,1,1
sample34,17433,1972,971,978,996,1043,1208,1362,1463,1547,1661,1772,1823,1905,1870,1921,1898,1740,1725,1576,1427,1296,1203,1082,963,896,835,795,787,718,739,663,582,601,555,561,519,462,419,374,363,303,291,213,212,167,153,132,87,87,56,67,72,31,26,32,26,20,13,13,15,13,7,3,3,12,6,5,5,5,3,2,1,1,1,1,1,1,2,4,2,2,1,1,1,1,1
sample35,18231,1807,485,364,345,363,397,448,477,557,551,632,663,625,717,823,840,861,880,861,851,830,742,744,711,615,547,526,477,432,387,388,371,387,352,329,288,318,319,333,298,261,275,266,230,231,226,208,176,146,142,134,122,91,74,95,66,47,49,43,33,30,35,25,13,10,14,16,5,9,5,6,2,8,3,2,1,2,4,2,2,4,5,2,2,1,2,1,1,1,2,1,1,1,1,2,2,1,1,1,1
sample36,23470,2320,457,280,293,314,334,380,418,475,454,536,505,583,624,567,624,571,550,519,500,431,388,320,314,328,262,261,205,222,209,209,205,185,179,167,162,154,128,151,108,99,100,66,69,66,55,40,32,34,34,22,15,19,7,11,10,4,2,7,5,5,3,2,4,1,1,3,2,1,1,1,1,2,3,1,1,1,1,1
sample37,18246,1624,297,190,214,218,215,294,292,314,370,396,397,434,435,432,384,394,362,327,291,266,257,235,222,179,188,156,160,176,144,139,130,117,124,121,111,86,106,83,68,66,61,52,45,47,28,30,19,19,15,17,12,5,9,6,6,4,2,3,1,1,1,1,1,1,1,1,1
sample38,19150,1842,493,381,419,412,512,485,613,633,651,685,716,770,708,743,711,620,604,549,495,461,400,342,300,312,261,273,245,246,225,207,220,191,188,180,147,159,142,112,105,92,71,60,44,44,29,26,28,23,12,11,6,11,7,2,7,5,4,5,2,3,1,1,2,1,2,2,1,1,1,2,1,1
sample39,19794,2344,954,982,1012,1036,1135,1320,1390,1457,1508,1576,1617,1675,1647,1634,1555,1410,1279,1173,1169,969,880,788,736,679,659,636,571,574,503,504,432,390,381,352,343,276,244,236,192,157,159,120,105,75,66,57,47,39,33,32,20,18,13,18,10,5,8,6,3,3,5,3,2,2,4,2,4,2,1,4,3,2,2,1,1,1,2,1,1,1
sample3,18959,1610,410,282,267,334,318,377,388,484,526,532,669,660,782,825,870,899,863,851,883,838,745,708,624,642,517,509,495,419,416,401,370,381,399,341,385,357,336,334,331,323,346,305,263,234,236,216,168,182,124,132,102,92,74,44,53,38,35,25,18,22,18,13,15,5,14,4,5,3,3,3,2,2,4,4,1,2,1,1,3,2,1,2,1,1,1
sample40,30332,3881,1865,1645,1717,1853,1915,1936,1961,1969,1971,2070,2071,2063,2161,2045,2022,1990,1862,1690,1550,1427,1293,1179,1069,901,775,697,678,590,516,507,439,441,399,388,342,339,328,293,269,252,236,209,178,180,143,135,108,111,75,84,53,59,53,35,24,24,26,29,15,16,16,14,6,9,8,11,2,4,4,4,2,5,5,3,1,1,1,3,1,3,3,3,3,3,1,3,3,1,1,1,1,1,1,1,1
sample41,14105,2163,1200,1187,1286,1280,1307,1318,1402,1437,1386,1379,1416,1325,1281,1329,1243,1221,1051,1013,911,872,770,694,592,568,503,480,445,427,404,366,346,336,297,283,278,257,222,214,180,166,155,148,125,84,73,57,62,55,53,35,37,21,20,17,11,16,9,17,2,8,7,5,2,2,2,4,5,4,3,2,4,1,2,2,1,4,2,1,1,3,1,2,1
sample42,19486,2013,649,594,587,639,719,771,764,797,848,836,875,882,882,835,832,768,751,686,665,622,559,443,392,366,321,297,294,253,264,226,203,196,165,180,168,150,139,117,121,102,81,89,61,53,57,31,33,26,27,23,14,16,13,13,7,5,3,4,3,4,4,3,4,2,2,2,1,3,2,1,2,1,1,1,1
sample43,26997,3536,1900,1794,1907,1987,2062,2292,2573,2636,2744,2846,3008,3053,3149,3163,3180,3141,3020,2798,2546,2497,2253,2029,1827,1664,1466,1306,1150,1145,1024,1012,957,922,846,817,809,769,722,642,618,539,536,481,404,354,358,291,288,225,199,189,143,129,93,100,76,65,49,52,41,18,21,29,24,24,23,15,16,22,12,13,6,13,16,12,10,5,5,8,3,5,10,5,4,6,4,9,2,2,2,4,2,1,1,3,2,2,3,2,4,1,2,2,2,1,2,1,1,1,1,1
sample44,27601,3265,1824,1798,2042,2189,2422,2671,2974,3247,3508,3758,4082,4078,4290,4058,4156,3910,3675,3413,3060,2655,2357,2152,1934,1722,1520,1328,1340,1165,1093,1081,1087,953,973,933,848,759,744,623,544,489,430,380,320,287,281,203,173,126,119,100,71,71,61,44,44,45,21,35,24,26,17,10,11,11,11,5,9,16,13,9,3,6,4,8,2,8,2,1,1,4,2,5,2,1,1,1,1,1,2
sample45,32842,4462,3086,3070,3359,3539,3921,4346,4639,4913,5288,5626,5969,6235,6387,6354,6397,6294,5778,5542,5066,4548,4175,3713,3354,3070,2715,2481,2318,2140,2089,2046,1927,1627,1693,1662,1479,1435,1310,1207,1131,1025,983,828,801,660,564,479,408,385,315,289,227,193,157,146,119,89,107,92,73,56,54,45,38,43,35,37,38,20,24,28,22,26,20,21,15,25,9,21,11,10,12,9,6,8,5,7,6,8,6,5,4,5,3,3,1,3,2,4,1,2,2,2,3,1,1,2,1,1,2,1,1,1,1
sample46,27532,3649,2320,2368,2525,2639,2853,3011,3201,3345,3495,3804,3948,3970,4062,4171,4092,4004,3736,3488,3379,3008,2818,2623,2328,2074,1803,1797,1599,1449,1477,1375,1199,1242,1122,1062,1051,1000,949,868,785,692,660,605,576,482,453,389,316,277,236,191,182,160,131,106,82,67,62,49,52,50,33,32,38,17,24,20,22,19,12,11,21,8,15,17,10,16,8,5,9,6,13,3,5,6,3,4,4,1,2,3,2,2,2,1,2,4,1,2,2,1,1,1,1,1
sample47,25560,2688,732,593,593,622,676,770,755,800,886,901,924,996,998,1057,964,1063,1109,1052,1073,912,905,770,770,688,610,535,528,470,437,406,371,333,328,330,293,324,288,310,280,292,234,217,213,209,200,163,156,146,127,123,113,78,77,63,46,44,43,32,25,15,15,16,15,12,10,6,4,4,2,4,5,5,1,1,6,3,1,3,2,2,1,2,1,2,2,2,2,1,1,1,3,2,2,1,1,1
sample48,21757,2472,1021,955,951,999,1037,1208,1235,1318,1435,1438,1614,1672,1756,1823,1852,1867,1856,1839,1747,1727,1535,1502,1399,1199,1130,1101,988,861,851,780,692,600,631,585,560,596,536,539,512,512,463,484,413,407,350,352,290,262,231,221,171,176,175,124,90,119,65,59,54,47,44,39,31,31,24,17,9,11,13,11,7,11,14,7,7,8,8,5,3,7,6,5,2,2,3,3,3,2,3,4,1,3,6,3,2,1,3,1,2,2,1,1,2,1,1,2,1,1,1,1,1
sample49,25071,2814,1367,1312,1410,1403,1624,1882,1921,2181,2330,2479,2612,2831,2959,3071,2974,2946,2911,2805,2592,2466,2136,2008,1856,1704,1604,1336,1330,1272,1188,1173,1150,1119,1023,1003,1015,958,927,795,747,753,682,639,564,466,409,367,305,272,252,198,165,143,132,80,87,77,71,55,41,47,46,34,30,31,33,27,30,14,25,26,21,14,17,12,15,14,17,10,12,10,5,10,4,7,6,5,5,6,1,6,4,4,5,5,6,2,3,3,1,2,2,1,2,6,2,1,1,1,1,2,2,1,2,1,1,1,1,1
sample4,18797,1746,320,175,156,175,192,239,247,240,265,331,335,333,385,400,395,461,467,418,381,404,355,367,374,261,283,259,232,201,172,186,171,169,171,151,173,152,122,117,132,144,122,111,96,107,91,80,83,66,44,45,43,32,33,28,28,18,12,16,11,6,5,6,2,2,1,1,1,2,1,1,1,1,1
sample50,20638,2093,519,412,386,415,458,519,530,559,529,606,637,717,721,802,797,780,759,755,717,703,640,604,559,498,450,412,396,319,368,322,308,255,281,260,253,270,248,237,220,198,183,203,174,193,138,120,119,92,81,72,62,57,42,35,33,28,30,29,11,12,7,6,3,5,5,3,4,5,4,4,5,1,3,2,3,3,1,2,1,1,1,2,1,1,1,1,1,1,1,1
sample51,30373,3879,2347,2317,2469,2833,3102,3468,3662,3964,4327,4637,4962,5146,5357,5140,5002,4928,4449,4221,3796,3392,3177,2926,2583,2428,2159,2067,2018,1915,1838,1668,1657,1603,1465,1421,1282,1208,1040,1031,887,836,733,667,534,447,385,332,304,255,208,161,147,136,107,110,84,61,64,59,53,54,38,35,24,35,29,25,18,19,16,13,19,9,19,10,11,12,4,11,8,6,9,4,5,1,10,4,3,4,4,1,3,1,3,4,2,1,1,2,1,1,1,1,1,2,1,1,1,1,1,1,1
sample52,17159,3369,2804,2939,2990,3130,3313,3272,3487,3446,3449,3481,3464,3559,3329,3354,3112,2904,2755,2543,2266,2205,1885,1653,1639,1340,1321,1226,1084,1020,919,891,759,768,704,674,587,555,527,473,400,335,283,296,256,232,189,168,149,120,111,95,59,60,66,52,38,26,36,25,25,23,15,18,12,14,9,8,9,5,7,11,10,7,3,6,4,4,3,2,2,2,2,1,1,3,2,1,1,1,1,1,1
sample53,30967,3658,2061,2140,2225,2534,2767,3102,3399,3729,3975,4105,4449,4474,4634,4394,4305,4039,3757,3338,3128,2743,2440,2267,2005,1823,1730,1611,1500,1509,1413,1292,1293,1140,1127,975,953,852,743,660,628,489,431,414,365,304,244,200,167,123,116,95,70,74,62,50,50,41,28,36,16,30,18,18,16,16,14,17,19,16,9,5,12,10,8,7,6,2,3,6,6,2,4,2,3,3,3,4,2,2,2,1,2,1,1,1,1,1,1,1
sample54,33741,4102,2572,2464,2615,2862,3094,3264,3623,3881,4190,4493,4719,4922,5245,5162,5323,5194,5028,4793,4529,4194,3826,3545,3328,3118,2772,2486,2602,2310,2148,2072,2170,2042,1979,1895,1873,1836,1587,1513,1462,1368,1242,1153,1037,892,804,705,616,542,467,422,344,323,288,243,205,159,161,147,142,106,97,73,82,88,76,63,67,73,54,47,60,49,48,46,30,28,33,36,23,27,15,23,17,25,14,12,14,20,16,10,10,9,10,11,6,5,10,9,8,10,5,4,6,5,2,3,5,4,2,3,2,5,1,1,1,1,1,1,2,1,1,1,1,1,1,1,1,2,1,1,1,1
sample55,22458,2168,342,179,165,184,189,205,222,208,224,238,250,240,259,231,250,248,229,192,207,192,155,159,138,122,89,104,92,75,72,88,56,48,68,58,54,41,49,28,42,30,40,19,36,24,16,15,9,12,6,11,9,7,7,5,9,4,5,2,1,2,1,1,1,1,1
sample56,20182,1694,187,53,38,35,47,42,53,48,48,47,47,56,41,52,45,36,49,46,36,44,27,29,37,15,24,18,17,14,17,15,15,11,14,9,10,9,10,9,6,4,6,11,5,2,5,2,2,4,2,4,3,1,1,1,2
sample57,28093,5200,4200,4441,4689,5195,5730,5923,6359,6750,7031,7252,7210,7163,6771,6639,6132,5457,5014,4586,4025,3598,3174,2928,2659,2373,2239,2022,1887,1855,1737,1621,1502,1344,1224,1114,1019,927,823,670,579,507,426,384,317,278,199,200,173,143,128,107,90,90,81,57,50,45,39,37,33,24,28,32,21,17,22,9,14,12,19,11,6,8,9,10,10,6,4,2,4,5,5,6,1,1,1,2,3,1,2,2,2,1,1,1,2,1,1,1,1,1,1,1,1,1
sample58,14822,1242,142,14,1,1,1,1,1,1,1,1,1,2,1,1,1,1
sample59,22025,2116,340,162,165,166,199,236,221,256,265,269,293,313,326,347,320,327,332,297,309,243,212,200,170,167,176,134,131,112,128,114,115,84,100,90,101,85,90,57,70,53,49,53,41,32,35,30,12,19,11,11,11,7,6,3,6,5,3,1,3,1,3,1,6,1,1,1,1
sample5,27868,2959,1246,1186,1250,1323,1440,1583,1730,1891,2060,2284,2401,2588,2847,2939,3062,3062,3219,2982,2907,2669,2528,2233,2083,1763,1616,1301,1220,1134,1028,889,887,783,753,696,689,714,654,590,555,542,540,487,442,402,390,355,327,260,220,202,155,140,131,88,98,79,66,58,43,46,28,28,18,19,18,7,20,18,11,8,17,10,8,8,7,3,8,3,4,7,5,3,7,3,3,4,2,2,3,1,1,1,1,1,1,1,1,1,1,1,2
sample60,27986,3003,1377,1258,1339,1503,1587,1756,1864,2107,2154,2356,2588,2673,2821,2857,2934,2897,2753,2638,2529,2357,2129,1871,1765,1592,1444,1338,1174,1101,1009,1024,946,916,910,801,826,760,653,676,659,623,578,503,466,387,348,309,243,239,168,165,128,129,95,72,59,46,58,39,34,24,23,21,17,11,13,12,14,15,6,7,10,2,8,9,9,6,7,8,6,3,1,3,2,2,1,5,3,1,3,2,2,3,1,1,2,1,1,1,2,1,2,3,1
sample61,14529,1249,251,165,173,170,186,255,213,233,260,325,257,303,297,307,295,276,245,213,200,230,163,151,138,151,132,143,117,113,90,95,88,83,80,80,96,64,64,51,47,54,49,36,22,30,24,20,14,12,6,9,3,6,7,2,2,3,1,1,1,1,1,1,1,1,1,1
sample62,26626,3072,1344,1193,1369,1409,1497,1642,1825,2017,2049,2330,2414,2620,2615,2578,2564,2459,2267,2168,1947,1782,1676,1489,1375,1293,1162,1106,1123,1009,991,1017,937,870,847,809,698,684,664,591,499,467,422,344,310,271,220,201,167,160,122,77,72,79,60,58,41,31,29,20,40,19,11,21,14,14,10,9,14,11,6,8,9,7,3,4,5,1,7,4,4,4,1,3,1,3,1,2,1,1,2,1,1,1,1,1,1
sample63,20814,2054,595,496,542,554,604,612,589,652,665,677,681,714,696,690,691,649,643,573,523,474,434,387,314,285,261,266,217,205,172,172,144,119,116,130,129,117,100,102,95,86,63,55,60,50,34,37,37,24,23,14,11,8,17,5,9,6,3,1,3,4,6,1,1,2,1,2,3,1,1,2,2,1,1,1,1
sample64,40859,5349,3042,2963,3017,3354,3469,3645,3800,4210,4168,4466,4580,4589,4956,4919,4814,4693,4506,4310,3926,3701,3264,2994,2693,2378,2144,1923,1771,1554,1498,1353,1247,1218,1150,1103,993,1039,968,896,890,728,663,638,552,520,456,378,348,289,247,227,205,167,147,111,117,93,86,81,68,56,40,33,50,34,30,25,33,26,16,18,20,17,14,12,11,11,14,10,10,7,4,6,6,6,8,7,4,2,7,4,5,3,1,1,2,4,3,1,1,1,1,1,1,4,1,1,1,1,1,1,1,1,1,1
sample65,17885,1856,727,659,732,774,893,1026,1043,1109,1140,1374,1397,1459,1486,1558,1477,1420,1327,1298,1196,1018,900,835,673,535,525,483,395,345,328,265,247,247,250,225,236,190,191,177,146,144,130,118,102,85,84,59,59,49,27,36,17,25,25,13,7,13,9,9,5,9,3,5,1,1,3,2,5,4,2,2,3,1,2,1,1,1
sample66,22414,2431,1159,1064,1106,1137,1238,1392,1531,1536,1621,1596,1707,1738,1748,1687,1676,1665,1510,1459,1291,1231,1056,921,810,676,608,527,498,459,461,413,398,364,336,309,293,262,217,224,235,212,160,138,131,122,103,85,58,56,49,42,27,29,28,17,12,11,12,10,3,7,3,3,3,1,2,5,2,2,3,4,2,1,2,2,2,2,1,1,1,2,1
sample67,20414,2696,1571,1488,1602,1717,1735,1754,1725,1814,1729,1784,1717,1709,1579,1590,1477,1330,1216,1155,1033,861,738,688,582,494,499,406,360,301,323,262,246,216,185,197,147,180,118,119,92,89,80,73,70,50,55,33,40,24,24,24,20,16,12,8,9,7,6,4,5,3,2,3,2,2,1,1,2,1,1,2,1
sample68,21653,2083,567,390,406,417,511,506,480,573,593,636,715,688,654,708,640,568,595,537,452,408,356,304,279,247,225,201,164,158,173,130,117,116,119,97,97,94,97,88,82,66,48,31,42,37,27,17,16,16,9,8,9,6,3,10,5,5,1,1,3,1,2,2,2,1
sample69,16592,2095,773,645,684,665,718,725,752,757,799,729,762,724,697,727,693,650,661,604,493,468,441,364,324,268,268,224,190,156,142,124,125,101,100,108,85,97,62,67,47,50,59,53,40,31,21,24,27,23,27,12,14,9,9,8,4,3,2,4,2,2,1,2,1,2,1,1,1,1
sample6,30901,3786,1682,1528,1635,1730,1945,2060,2215,2399,2533,2793,2914,3083,3159,3340,3313,3363,3189,3073,2921,2685,2471,2181,1907,1692,1527,1399,1226,1172,1039,949,860,896,857,764,781,790,686,698,605,573,550,490,496,422,376,319,291,238,197,170,150,126,108,94,79,48,53,41,33,35,22,39,22,17,18,14,17,11,4,13,9,9,9,9,9,5,6,5,3,5,6,3,2,1,1,2,2,1,3,2,1,2,3,1,1,1,1,2
sample70,31842,4399,2758,2508,2759,2850,3022,3335,3531,3625,3993,4154,4325,4604,4926,5106,5068,5238,5228,4998,4743,4479,4219,3885,3483,3148,2864,2582,2369,2156,1869,1722,1641,1555,1439,1406,1406,1338,1247,1261,1199,1144,1084,975,942,806,783,659,673,579,480,472,390,324,296,286,208,180,174,147,100,119,95,89,71,73,68,50,53,50,40,36,33,35,23,23,16,22,26,29,18,23,11,16,7,19,11,13,15,9,5,8,6,4,5,7,4,10,5,2,5,2,2,4,4,1,4,2,1,1,1,1,1,1,2,2,2,1,1,2,1,2,2,1,1,1,1,1,1
sample71,22518,2413,767,681,700,778,844,857,868,883,939,1003,946,960,889,842,765,702,609,572,507,458,395,344,304,262,230,193,205,178,154,128,132,116,120,91,82,68,65,63,48,46,37,27,27,18,12,14,6,8,3,4,5,5,1,4,2,1,2,2,1,1,2,1,1
sample72,35133,3885,1083,779,771,813,806,858,924,933,996,1028,1035,1045,1112,1065,1166,1133,1122,1059,974,866,843,781,702,641,514,484,451,354,319,291,322,292,248,260,229,250,198,199,198,161,151,143,141,109,119,78,87,84,80,67,47,49,37,23,31,21,16,21,11,10,12,13,4,5,3,4,2,4,5,3,1,3,1,1,4,1,2,2,1,1,1,1,1
sample73,22752,2627,1260,1164,1237,1426,1415,1500,1587,1686,1812,1805,1817,1889,1875,1870,1912,1802,1677,1547,1404,1324,1107,950,898,737,669,508,482,393,357,332,283,260,259,244,209,196,171,183,165,145,143,126,89,89,82,72,47,48,41,32,21,21,20,22,16,12,12,7,8,6,1,4,4,4,2,4,7,5,1,1,1,1,1,1,1,1,1,2,1,1
sample74,24216,2768,1143,1056,1166,1209,1283,1303,1474,1508,1528,1600,1621,1715,1648,1646,1674,1645,1543,1382,1305,1271,1092,965,895,826,688,662,566,532,454,444,410,427,384,388,359,326,336,321,269,235,226,222,191,143,128,145,89,83,76,68,55,56,26,29,25,16,16,11,9,13,4,6,9,6,4,2,3,1,3,2,2,3,3,1,2,1,2,1,1,2
sample75,18957,1661,274,158,128,166,170,168,177,160,179,176,192,185,175,200,175,185,193,142,143,122,102,91,72,66,59,54,48,31,41,33,31,21,34,24,21,21,19,19,17,11,10,11,11,14,7,5,10,6,3,2,2,3,3,1,1,1,1,1
sample76,26161,3063,1340,1282,1351,1425,1632,1692,1797,1893,1887,2149,2195,2227,2064,2023,2172,1969,1751,1617,1462,1368,1098,986,856,766,702,605,518,479,399,418,388,380,329,342,279,263,220,200,184,199,175,114,123,83,81,65,47,38,47,30,33,27,21,11,15,8,10,12,6,2,5,4,3,5,3,5,3,2,1,1,1,1,1,3,1,1,1,2,1,2,1
sample77,30577,4307,2599,2420,2701,2919,2973,3085,3311,3170,3377,3304,3427,3265,3228,3053,2984,2760,2502,2333,2046,1730,1563,1348,1236,1000,887,782,672,626,572,541,469,412,357,318,338,273,257,240,215,188,159,150,116,111,93,81,72,62,46,34,33,29,20,13,21,15,6,8,8,7,2,4,7,4,4,1,4,5,1,1,4,2,1,2,2,1,1,1,1,1
sample78,41437,6505,4547,4398,4936,5269,5592,5922,6068,6408,6472,6730,6904,6829,6809,6446,6435,6085,5767,5286,4649,4215,3792,3471,3054,2766,2372,2213,1998,1852,1640,1662,1490,1406,1333,1276,1225,1094,993,871,810,707,672,593,504,418,384,336,258,241,204,157,147,123,100,87,88,54,52,57,49,28,28,29,24,33,23,24,18,26,20,22,15,16,11,10,4,7,8,10,11,4,3,7,7,5,2,6,5,5,2,3,3,1,1,2,2,1,1,1,1,1,1,1,1
sample79,43316,7202,4369,4304,4491,4578,4757,4879,4962,5068,4959,5099,5093,4928,4874,4661,4440,4140,3978,3682,3242,3176,2715,2493,2361,2006,1797,1563,1452,1252,1144,1128,1046,1012,878,838,805,703,650,643,563,460,461,424,370,328,288,216,203,186,168,124,121,108,79,80,58,53,45,48,26,37,24,22,15,22,16,12,12,9,11,15,16,9,9,3,2,6,5,6,2,5,3,1,2,1,1,2,2,1,2,1,1,1,1,1,1,3,1,1
sample7,34053,3998,1980,1781,1877,1951,2141,2290,2543,2620,2790,2969,3179,3399,3442,3548,3699,3707,3671,3556,3439,3240,3071,2820,2670,2352,2172,2003,1821,1584,1570,1494,1375,1292,1277,1214,1310,1259,1198,1066,1145,1054,961,900,874,795,688,614,570,520,490,479,360,317,271,273,198,155,145,125,140,108,100,74,73,70,55,44,48,40,36,39,30,38,27,26,31,30,17,21,18,16,16,15,16,10,10,9,6,4,9,5,10,6,4,6,6,4,6,2,4,6,5,3,4,1,2,4,2,1,2,2,2,2,1,1,1,1,1,2,1,1,1,2,1,1,1
sample80,33875,4495,2553,2327,2616,3005,3203,3475,3800,3861,4129,4401,4554,4637,4716,4655,4684,4454,3952,3734,3404,3077,2738,2302,2090,1957,1609,1446,1346,1260,1218,1064,1069,997,925,846,798,769,679,591,582,522,450,399,356,317,270,209,191,163,134,114,102,80,70,62,53,39,35,31,37,29,18,21,20,20,22,18,12,10,20,14,9,13,10,8,6,4,6,6,4,7,1,4,5,3,2,5,2,1,1,4,1,2,1,1,3,1,1,1,1
sample81,29493,3660,1737,1556,1610,1704,1793,1884,2031,2218,2380,2537,2700,2819,2866,2923,2967,2895,2716,2540,2394,2100,1993,1699,1500,1336,1187,1078,949,943,831,779,733,747,654,671,633,583,545,518,488,409,363,337,306,258,213,198,180,142,107,86,75,87,70,35,43,40,36,26,22,14,18,16,18,12,12,15,7,13,4,8,6,5,4,4,5,9,3,3,1,1,2,1,2,3,7,1,1,1,1,2,1,1,1,1,1
sample82,20535,1886,474,292,314,359,329,311,383,396,412,427,461,446,454,452,457,445,431,377,389,374,315,284,300,232,204,213,172,124,151,141,132,113,124,97,97,94,68,83,85,73,75,57,58,53,54,38,35,34,30,13,14,15,13,11,7,6,7,7,5,3,5,1,2,1,1,1,1,1,4,1,1,1
sample83,22312,2604,1197,1200,1218,1324,1407,1461,1529,1662,1729,1766,1881,1909,2058,2026,1987,1944,1869,1790,1679,1568,1353,1261,1201,1062,898,848,768,690,593,589,556,541,526,478,461,458,458,398,358,327,323,278,253,239,171,175,168,137,125,89,95,83,61,37,49,35,34,21,20,19,14,20,14,10,12,7,7,10,6,8,6,3,6,7,2,3,4,3,3,4,3,3,3,2,1,1,1,1,1,2,1,1,1,1,1,1
sample84,22629,5157,2152,1189,632,435,290,156,108,89,70,46,29,26,13,14,9,7,5,4,3,2,1,2,1,2,1,1
sample85,27709,2569,543,373,365,369,464,415,465,441,513,520,540,535,556,518,522,515,489,475,446,369,364,280,261,249,209,195,147,139,123,118,105,120,112,88,94,83,75,59,60,59,54,40,42,43,37,31,25,17,16,17,3,4,12,7,3,4,9,5,2,2,2,1,1,1,1,1,1,1,1,1,1,1,1
sample86,25812,4039,2436,2415,2492,2646,2775,2787,2924,2842,2989,2899,2991,2939,2971,3056,2957,2807,2747,2767,2712,2494,2310,2120,1955,1808,1595,1461,1367,1211,1024,911,861,766,694,636,648,577,569,547,451,453,431,377,371,353,310,312,291,262,230,196,180,162,174,152,110,94,99,81,87,54,71,52,44,42,32,34,25,29,20,18,19,17,15,12,12,11,13,7,15,8,9,7,10,3,5,7,8,6,11,8,6,5,3,2,3,1,1,1,5,3,4,2,1,1,2,2,2,1,1,1,1,1,2,1,1,1,2,1,1,1,1,1,1,1,1,1,1,1,1
sample87,34730,4800,2618,2532,2677,2770,2794,2936,2975,3016,3070,3088,3025,2938,2847,2831,2651,2472,2203,2014,1876,1651,1487,1294,1167,1017,892,803,751,703,659,617,550,493,496,455,405,359,342,297,265,233,190,166,162,122,125,103,99,82,69,62,46,39,39,35,28,23,23,18,17,23,16,13,12,7,13,8,8,8,7,5,8,6,6,1,6,6,1,4,1,2,7,1,3,3,1,1,1,4,1,1,1,1,1,2,2,1,1
sample88,28653,2828,472,277,277,272,255,285,286,315,327,324,314,320,345,327,328,294,303,299,242,251,218,196,176,160,137,130,111,96,79,83,90,66,73,50,53,57,55,56,41,36,31,33,29,26,30,23,16,26,15,12,9,8,7,7,6,3,3,2,2,1,2,2,1,1
sample89,28846,3004,1037,849,874,859,982,1011,1055,1177,1184,1225,1303,1422,1483,1585,1664,1645,1616,1704,1594,1512,1426,1361,1291,1158,1004,911,800,661,625,542,478,389,405,309,317,306,277,271,281,269,242,271,243,204,197,174,159,161,122,109,118,91,89,89,71,58,45,50,44,33,30,19,18,17,6,14,13,11,8,5,11,3,5,6,6,5,5,3,3,3,1,2,2,3,3,3,1,1,2,2,1,2,1,1,1,1,1,1,1,1,1
sample8,58047,6430,1248,673,645,680,666,709,796,843,886,933,989,1122,1093,1138,1204,1206,1203,1263,1199,1028,994,901,846,756,701,606,549,449,397,346,294,288,226,249,184,185,186,175,151,167,149,141,129,114,105,113,99,105,69,67,64,72,53,46,42,28,25,21,12,13,14,3,5,11,8,7,5,7,4,4,2,2,1,2,2,2,2,1,2,1,2,1,3,1,1
sample90,30808,4497,2651,2519,2565,2647,2774,2766,2981,3057,3242,3326,3218,3367,3224,3318,3211,3138,2923,2778,2531,2284,1985,1845,1607,1375,1227,1123,889,789,700,686,625,592,467,495,406,431,360,349,322,279,287,229,255,202,158,150,138,122,104,97,73,73,56,58,33,45,23,35,22,23,21,17,13,7,11,10,8,8,3,9,3,2,4,4,2,1,6,1,5,3,4,1,4,1,7,3,1,2,2,1,3,2,1,1,1,1,1,1
sample91,48997,8378,5928,5981,6142,6588,6979,7367,7551,7962,8124,8037,8331,8332,8396,8308,7987,7577,7174,6682,6105,5320,4814,4222,3714,3214,2791,2497,2180,1854,1693,1473,1403,1254,1196,1119,991,939,882,817,716,667,577,511,501,411,415,318,285,263,235,211,168,156,135,125,108,97,88,62,65,65,47,40,32,26,28,30,28,22,20,21,15,15,20,16,11,10,5,11,8,12,9,5,7,5,3,5,2,3,6,4,2,2,1,2,1,4,3,1,2,1,1,3,1,1,1,1,1,1,1,1,1,1,1,1
sample92,40067,6095,3997,3960,4069,4329,4649,4865,5304,5338,5468,5719,5839,5936,6066,6055,5993,5702,5476,5106,4700,4294,3707,3350,2833,2433,2005,1813,1605,1317,1216,1052,978,818,779,705,609,651,563,544,518,434,412,371,337,275,244,248,215,159,151,134,105,106,91,82,69,74,54,38,37,35,27,26,27,20,19,22,16,23,15,14,17,10,9,9,12,9,7,6,7,4,3,2,1,4,1,3,1,4,1,2,1,2,3,1,1,1,1,5,1,1,1,3,1,1,1,1,1,1,1,1
sample93,31723,6106,4706,4760,4937,5430,5563,5867,6112,6149,6259,6249,6265,6066,6167,5572,5416,5045,4514,4091,3481,3027,2622,2302,1941,1690,1423,1240,1117,1014,910,833,806,689,616,578,526,471,451,357,341,263,254,237,177,185,146,132,106,89,87,57,48,54,34,43,29,30,22,23,26,14,12,12,14,7,12,9,9,5,8,8,5,1,1,3,3,7,2,4,5,2,4,4,2,2,2,1,1,1,1,2,1,1,1,1,1
sample94,39578,6974,5203,5110,5285,5945,6136,6381,6758,6817,7036,7096,7364,7403,7236,7025,6723,6475,6162,5713,5203,4700,4154,3585,3228,2808,2412,2085,1901,1720,1543,1355,1211,1223,1172,1006,940,892,808,765,675,640,555,525,458,401,335,356,251,256,225,203,144,136,128,117,94,81,72,65,56,49,42,33,40,42,31,37,28,29,19,20,15,22,13,25,6,7,8,12,13,6,7,10,9,5,6,5,8,3,3,2,6,4,4,2,2,1,1,2,1,1,1,1,1,1,2,3,1,2,1,1,1,1,1,1,1,1
sample95,47142,8753,6629,6665,7295,7774,8228,8416,8924,8953,9225,9306,9515,9378,9331,8939,8552,7994,7448,6875,6130,5223,4723,4061,3536,2981,2638,2422,1992,1807,1698,1509,1445,1327,1236,1158,1005,958,850,775,749,646,582,506,456,430,352,298,293,213,217,179,158,158,132,119,92,84,61,81,70,48,44,41,40,42,40,29,23,25,24,19,24,13,19,12,17,13,12,11,12,10,15,9,11,8,9,8,7,6,6,3,1,4,3,4,1,2,1,2,2,2,1,4,1,1,2,2,1,1,2,2,1,1,1,1,1,1,1,1,1,1
sample96,41505,5129,2928,2847,3017,3323,3469,3807,4035,4269,4734,4903,5203,5436,5590,5766,5914,5726,5705,5496,5039,4662,4209,3808,3484,3070,2763,2434,2200,2006,1936,1687,1575,1453,1433,1316,1260,1241,1204,1223,1034,1048,928,851,752,661,603,556,486,421,370,345,285,240,216,170,166,137,102,110,85,89,68,61,53,52,46,48,38,45,36,25,35,21,24,20,21,22,16,18,18,10,12,18,12,11,13,7,7,9,11,8,8,6,1,9,2,3,2,3,4,1,5,2,4,2,3,2,2,1,2,2,1,1,2,2,1,1,1,1
sample97,18016,4572,4763,5658,6778,7793,8453,8626,8671,8590,8058,7373,6952,6575,6234,5631,5256,4823,4443,3921,3434,3055,2454,2025,1653,1387,1105,910,711,543,412,319,290,239,181,145,119,110,92,77,79,49,64,53,39,25,31,19,18,12,14,13,6,9,3,2,1,3,5,1,2,4,3,2,1,4,4,1,1,1,1,1
sample98,18055,5708,6188,7410,8900,10129,10900,11256,11417,10883,10310,9720,8912,8396,7940,7248,6681,6256,5576,5112,4464,3902,3396,2783,2366,1967,1539,1231,1010,749,590,485,392,305,296,211,201,162,151,101,112,75,63,60,43,48,40,37,39,27,19,13,14,10,10,8,9,3,6,7,7,4,1,3,2,2,2,2,2,1,1,1,1,1,1,1
sample99,15534,3017,2535,3073,3693,4354,4994,5256,5500,5554,5322,5205,4923,4732,4418,4196,4224,3799,3764,3393,3273,2957,2614,2311,1886,1647,1394,1038,950,751,616,469,359,283,240,179,155,98,95,75,75,64,46,37,41,32,29,33,13,11,16,11,10,13,9,6,5,6,4,2,6,2,4,4,1,2,2,2,2,1
sample9,47823,5777,3537,3224,3391,3635,3848,4242,4786,5152,5671,6016,6685,7403,7817,8130,8407,8437,8464,8171,7802,7421,6917,6365,5848,5322,4960,4733,4224,4061,3976,3768,3600,3640,3541,3597,3400,3204,3183,3151,2966,2785,2596,2407,2307,2092,1885,1762,1555,1312,1168,966,950,842,696,611,561,446,440,365,342,320,295,274,212,236,210,185,158,167,154,150,117,120,120,104,114,104,104,100,90,75,78,62,51,60,51,42,63,38,45,57,30,35,36,31,28,30,36,28,27,20,19,18,11,19,9,14,9,12,11,5,10,6,13,6,5,4,6,2,2,2,6,5,3,2,5,5,1,3,2,2,2,1,6,3,2,3,2,1,1,2,1,3,2,1,2,1,1,2,1,1,1,1,1,1,2,1,1,1,1
