rs_number,chr,read_start_pos,SNP_pos,total_UMI_num,A,T,C,G,INS,[ins_type],DEL,[del_type]
rs1129171,chr1,2405568,2405593,22,0,12,10,0,0,[],0,[]
rs1490413,chr1,4307186,4307263,55,55,0,0,0,0,[],0,[]
rs4074536,chr1,115768315,115768346,78,0,0,78,0,0,[],0,[]
rs7552906,chr1,151341230,151341298,18,0,0,0,18,0,[],0,[]
rs719569,chr10,37865434,37865487,70,0,31,0,39,0,[],0,[]
rs2135720,chr10,53995721,53995731,129,0,58,71,0,0,[],0,[]
rs7591,chr17,65528923,65528964,127,56,71,0,0,0,[],0,[]
rs1478829,chr6,120239471,120239548,132,132,0,0,0,0,[],0,[]
rs361509,chr6,123218448,123218464,58,0,27,31,0,0,[],0,[]
rs1358856,chr6,123573753,123573833,27,14,0,13,0,0,[],0,[]
rs3830137,chrX,54455339,54455400,145,0,0,82,63,0,[],0,[]
