rs_number,chr,read_start_pos,SNP_pos,total_UMI_num,A,T,C,G,INS,[ins_type],DEL,[del_type]
rs1129171,chr1,2405568,2405593,1,0,1,0,0,0,[],0,[]
rs1490413,chr1,4307186,4307263,4,2,0,0,2,0,[],0,[]
rs868163,chr1,5874392,5874430,5,5,0,0,0,0,[],0,[]
rs4908602,chr1,7160826,7160910,5,3,0,0,2,0,[],0,[]
rs12128526,chr1,7663847,7663897,1,0,0,0,1,0,[],0,[]
rs226249,chr1,7961674,7961718,9,0,9,0,0,0,[],0,[]
rs3219489,chr1,45331818,45331833,16,0,0,8,8,0,[],0,[]
rs2275276,chr1,45508210,45508256,11,3,0,0,8,0,[],0,[]
rs652785,chr1,56875014,56875054,16,15,0,1,0,0,[],0,[]
rs1779866,chr1,61016657,61016727,5,0,0,0,5,0,[],0,[]
rs1124625,chr1,63057191,63057272,2,1,0,0,1,0,[],0,[]
rs2228570,chr12,47879028,47879112,2,2,0,0,0,0,[],0,[]
rs4075913,chr12,48143763,48143841,10,10,0,0,0,0,[],0,[]
rs4760600,chr12,48921159,48921211,14,7,0,0,7,0,[],0,[]
rs10875989,chr12,49957218,49957292,4,0,0,4,0,0,[],0,[]
rs149411,chr12,50986424,50986449,7,7,0,0,0,0,[],0,[]
rs242656,chr18,61189462,61189487,3,1,0,2,0,0,[],0,[]
rs9320000,chr18,62147013,62147035,12,12,0,0,0,0,[],0,[]
rs6567271,chr18,62359845,62359916,19,0,19,0,0,0,[],0,[]
rs1024116,chr18,77720387,77720430,14,0,0,14,0,0,[],0,[]
