sample195,919,989,972,941,913,874,821,753,662,561,471
sample194,756,842,815,763,697,617,530,448,357,255,183
sample193,1023,1045,1038,1032,1009,975,953,883,809,743,653
sample197,1033,1023,1011,1008,990,961,931,881,821,769,659
sample196,1015,1010,1004,984,958,944,898,857,786,715,617
sample198,1003,939,861,741,575,396,259,153,92,41,17
sample200,670,740,687,651,595,525,448,376,311,240,181
sample199,827,897,864,825,796,724,629,526,422,332,245
sample201,857,949,926,896,848,782,709,618,503,381,300
sample202,865,936,920,904,884,837,783,716,662,578,481
sample205,556,680,638,579,495,394,322,235,185,127,88
sample203,877,956,929,904,864,813,733,654,547,450,364
sample204,950,980,973,945,901,845,763,684,575,450,349
sample206,1018,1035,1017,1005,973,936,895,832,753,632,529
sample207,1001,1022,1011,1000,977,967,926,867,812,757,676
sample210,732,754,689,592,490,386,289,211,147,101,60
sample208,930,972,953,933,895,845,769,686,572,462,370
sample209,989,1014,1006,986,965,918,851,789,684,565,426
sample211,763,832,771,692,572,464,347,232,154,93,58
sample212,859,923,890,814,758,655,536,408,301,205,132
sample214,85,22,18,15,9,8,6,5,4,1,1
sample215,109,63,53,49,39,30,27,25,16,10,9
sample213,801,911,892,862,815,747,694,620,503,407,326
sample216,400,373,318,282,237,187,156,129,103,90,65
sample217,1045,1045,1040,1025,1018,998,979,947,901,862,786
sample219,1079,1077,1074,1075,1064,1050,1027,991,952,897,822
sample218,1083,1077,1073,1057,1040,1016,979,929,872,790,687
sample220,1090,1083,1073,1074,1062,1049,1023,979,954,908,848
sample223,172,107,95,84,76,65,54,47,32,28,28
sample221,1072,1072,1071,1062,1051,1035,1025,999,960,929,878
sample222,1057,1062,1050,1036,1030,1009,983,953,909,853,796
sample224,823,1004,991,976,946,937,897,852,777,694,621
sample226,280,218,177,148,117,85,61,47,31,19,9
sample225,997,1024,1014,1007,992,978,951,921,885,844,798
sample227,1081,1083,1074,1072,1049,1031,997,963,912,853,771
sample228,1006,1005,993,980,965,938,909,858,790,698,602
sample232,181,73,23,9,4,2,0,0,0,0,0
sample229,1063,1058,1048,1031,1020,998,974,936,864,795,701
sample230,1038,1047,1033,1031,1025,1005,970,943,906,860,799
sample231,1073,1075,1069,1059,1051,1039,1028,1009,981,952,917
sample235,290,247,211,182,158,140,116,96,75,60,40
sample233,933,957,943,937,904,859,824,775,707,647,532
sample234,1026,1035,1024,1000,991,968,944,909,860,799,707
sample237,286,289,245,217,199,179,160,142,125,97,77
sample236,1052,1053,1047,1035,1032,1021,1006,979,946,900,853
sample238,605,670,623,584,527,469,402,330,277,229,191
sample240,273,273,242,217,179,158,136,113,89,68,53
sample239,1061,1054,1054,1045,1033,1019,1008,976,945,909,876
sample241,367,319,268,238,215,179,154,126,99,75,58
sample242,1024,1024,1016,1001,992,954,896,851,795,734,655
sample244,536,591,553,511,463,404,347,292,244,206,159
sample243,729,738,703,653,586,519,463,371,309,241,191
sample246,591,607,561,525,474,412,345,268,212,166,123
sample245,643,710,689,643,595,552,491,424,362,314,254
sample247,920,929,882,803,708,602,473,370,271,200,141
sample248,1015,996,986,967,947,900,877,815,738,655,535
sample249,1042,1044,1031,1011,989,981,949,892,850,803,721
sample250,948,950,933,900,855,796,738,646,560,453,370
sample251,755,821,806,768,737,680,627,566,502,428,348
sample255,158,125,106,90,67,56,43,27,20,15,9
sample256,126,27,21,14,11,9,7,6,3,3,3
sample252,1068,1063,1063,1053,1040,1033,1013,990,948,905,844
sample253,481,487,439,405,356,308,251,204,162,129,100
sample254,1038,1043,1032,1016,1002,985,941,893,835,768,665
sample260,93,64,58,51,42,34,23,19,16,12,7
sample257,181,142,123,105,92,75,59,46,37,22,19
sample259,413,399,355,317,277,228,184,148,129,100,78
sample258,869,895,862,836,782,709,631,523,427,357,273
sample261,1054,1049,1032,1023,1011,972,940,906,853,759,702
sample263,1068,1067,1057,1053,1043,1029,989,951,921,858,800
sample262,865,852,819,783,733,660,589,492,402,306,227
sample264,946,969,950,922,885,849,804,732,670,596,518
sample265,1011,1012,998,979,963,943,905,864,803,741,646
sample266,719,768,731,669,624,555,484,402,319,256,196
sample268,708,678,606,542,460,402,340,265,217,163,124
sample267,232,202,173,151,136,118,93,76,67,49,36
sample269,1042,1047,1039,1025,1006,974,952,908,864,803,759
sample271,118,42,32,30,24,20,17,14,10,10,7
sample270,303,295,262,233,209,181,161,138,113,91,78
sample272,591,627,567,519,468,403,351,284,220,175,142
sample275,105,41,33,32,25,21,18,14,12,10,6
sample273,936,948,920,894,838,781,690,571,479,380,291
sample274,364,338,314,283,246,203,164,131,111,95,74
sample278,103,31,24,21,20,19,18,16,12,7,6
sample277,117,97,89,78,65,59,44,38,29,22,17
sample276,1067,1072,1061,1051,1045,1030,1015,982,952,894,845
sample279,375,329,285,249,220,193,163,142,111,93,78
sample281,110,86,76,70,52,37,26,23,21,13,9
sample280,191,104,86,73,66,60,46,40,31,21,15
sample283,67,13,11,8,4,3,3,3,1,0,0
sample282,321,262,219,191,154,126,108,83,67,44,35
sample285,382,336,287,240,203,170,143,125,97,72,51
sample284,599,658,602,552,474,398,302,243,179,142,124
sample286,252,230,207,181,164,135,116,103,86,72,55
sample287,899,924,902,875,814,758,700,622,526,423,325
sample288,562,680,641,579,538,479,413,341,264,211,163
sample290,1083,1085,1082,1084,1085,1085,1087,1082,1081,1078,1075
sample289,1078,1078,1081,1078,1081,1078,1074,1075,1077,1074,1071
sample291,1004,1055,1054,1052,1054,1053,1050,1050,1050,1048,1042
sample292,1045,1078,1073,1075,1074,1071,1073,1069,1074,1071,1072
sample293,1084,1086,1085,1085,1089,1090,1088,1087,1081,1079,1069
sample294,1079,1078,1079,1079,1079,1077,1079,1075,1075,1073,1073
sample296,1096,1097,1099,1096,1096,1094,1094,1096,1092,1087,1084
sample295,1067,1091,1085,1083,1081,1082,1079,1076,1077,1081,1073
sample297,1090,1090,1080,1053,1032,981,926,855,774,664,564
sample298,1102,1101,1100,1096,1096,1093,1090,1087,1085,1076,1072
sample299,972,1025,1019,1014,1005,998,989,982,983,955,937
sample301,961,984,975,971,966,956,944,934,923,906,888
sample300,1020,1031,1027,1024,1013,1011,995,982,963,947,924
sample302,985,1014,1012,1009,1007,1004,995,983,967,956,942
sample303,991,1014,1014,1005,1000,995,981,976,962,942,922
