sample195,565,744,701,665,607,546,468,373,283,219,164
sample194,315,447,414,373,317,229,184,132,96,67,44
sample193,697,883,868,841,794,739,668,577,464,370,283
sample197,817,851,842,814,754,712,642,577,481,385,302
sample196,737,853,812,774,727,691,606,522,430,351,260
sample198,779,726,567,400,257,153,76,40,7,3,1
sample200,277,306,267,233,187,161,136,106,80,53,37
sample199,440,565,535,485,422,339,254,175,133,105,74
sample201,496,681,634,562,504,425,341,252,187,127,87
sample202,506,676,648,594,550,520,465,370,299,227,170
sample205,207,262,231,180,144,101,76,43,26,18,5
sample203,520,670,624,574,516,451,377,287,221,163,106
sample204,610,749,714,662,575,488,398,305,230,181,116
sample206,756,856,836,790,757,692,598,477,370,275,196
sample207,727,857,847,818,782,731,673,602,512,413,320
sample210,309,367,295,225,171,128,83,57,28,13,6
sample208,563,743,690,660,566,484,397,303,224,163,105
sample209,707,823,795,775,710,622,520,423,303,225,144
sample211,356,449,374,288,200,118,74,35,20,14,5
sample212,456,591,541,436,349,256,185,123,73,44,22
sample214,10,4,4,4,1,0,0,0,0,0,0
sample215,22,22,18,15,10,8,7,6,5,3,3
sample213,398,592,538,490,425,372,314,229,176,144,97
sample216,102,136,114,100,87,78,62,48,33,24,14
sample217,868,901,889,880,856,829,795,740,675,607,522
sample219,1015,1010,1001,992,962,908,876,837,757,669,574
sample218,1028,1013,992,958,917,877,810,750,672,565,453
sample220,1036,1017,1004,980,958,931,883,835,768,696,596
sample223,32,38,35,25,26,21,16,15,16,12,8
sample221,966,963,953,955,928,891,866,823,776,712,640
sample222,909,940,909,893,864,827,779,737,690,605,510
sample224,438,790,786,741,704,664,602,504,417,332,268
sample226,49,49,48,32,22,15,10,5,3,2,1
sample225,732,847,830,825,801,760,718,677,626,542,478
sample227,995,974,965,951,913,875,822,781,703,620,519
sample228,759,812,800,771,720,669,581,525,428,345,272
sample232,70,20,5,4,1,0,0,0,0,0,0
sample229,929,928,910,877,854,816,745,675,586,499,382
sample230,890,895,875,863,847,809,763,722,668,581,504
sample231,960,958,961,952,933,911,876,848,795,753,652
sample235,71,98,87,71,61,53,44,34,19,17,10
sample233,633,738,721,689,624,572,490,432,375,314,253
sample234,853,873,849,838,817,778,724,619,552,469,383
sample237,70,109,108,99,85,76,59,47,38,25,24
sample236,890,934,925,910,882,852,832,787,728,659,585
sample238,248,297,268,244,214,186,164,143,119,102,80
sample240,72,104,90,85,71,55,47,35,27,23,19
sample239,912,940,932,912,913,866,836,796,748,689,596
sample241,105,108,95,90,75,66,52,41,37,27,18
sample242,822,844,807,798,756,695,646,577,507,422,338
sample244,197,262,240,219,189,158,134,114,93,68,58
sample243,358,398,357,329,263,226,188,157,125,100,81
sample246,229,250,215,190,163,134,108,93,75,63,50
sample245,254,366,339,311,280,241,203,165,146,117,99
sample247,596,640,527,433,346,254,178,126,96,64,37
sample248,755,810,787,742,706,649,563,495,374,270,194
sample249,873,881,856,823,815,771,744,679,604,520,435
sample250,633,683,644,598,529,451,388,305,235,179,141
sample251,379,479,458,425,386,337,280,242,203,159,136
sample255,35,46,33,24,17,14,13,10,5,4,2
sample256,19,8,4,4,3,3,3,1,0,0,0
sample252,888,931,909,914,885,860,827,802,720,656,557
sample253,159,200,179,164,143,115,99,78,65,50,37
sample254,842,887,873,835,811,771,723,629,566,467,350
sample260,14,21,21,16,14,11,7,6,6,2,1
sample257,43,50,42,38,30,25,19,15,13,7,6
sample259,110,144,137,123,102,88,71,56,49,30,27
sample258,531,581,536,487,436,382,301,234,180,131,96
sample261,910,898,872,860,822,768,719,655,554,455,365
sample263,938,961,946,925,894,852,806,760,704,629,547
sample262,545,564,514,439,394,318,260,193,139,113,86
sample264,682,745,707,657,616,560,503,434,347,273,203
sample265,764,849,820,787,754,705,656,588,492,403,330
sample266,315,376,325,285,258,211,162,141,117,89,72
sample268,335,323,281,232,199,163,130,99,83,56,43
sample267,53,73,65,60,52,43,31,24,16,14,9
sample269,839,866,861,833,803,789,742,686,606,533,442
sample271,19,9,9,8,7,6,4,4,2,0,0
sample270,66,104,103,86,80,69,55,49,47,33,24
sample272,203,283,255,226,194,165,125,106,90,72,56
sample275,16,8,9,8,6,3,4,4,1,2,0
sample273,620,683,627,555,489,413,320,245,184,150,114
sample274,100,117,110,95,85,74,61,53,38,30,27
sample278,17,10,10,7,8,6,4,2,0,0,0
sample277,25,30,28,24,22,19,16,8,8,9,8
sample276,919,933,915,906,878,856,833,775,710,647,555
sample279,106,122,115,98,84,77,64,54,46,41,24
sample281,26,28,26,20,20,13,9,9,4,4,2
sample280,28,39,36,31,26,18,11,11,7,6,5
sample283,7,2,0,0,0,0,0,0,0,0,0
sample282,63,88,87,78,63,49,35,29,20,12,11
sample285,100,119,111,94,85,64,52,36,29,16,15
sample284,235,293,259,208,176,145,117,98,76,56,46
sample286,44,84,82,72,62,61,45,38,33,22,18
sample287,571,671,633,584,524,453,359,279,201,161,118
sample288,204,311,286,258,221,178,146,127,104,76,64
sample290,899,974,976,979,970,972,974,975,968,961,957
sample289,863,967,967,966,964,959,965,964,961,963,962
sample291,692,913,913,912,908,910,908,905,901,897,889
sample292,718,952,952,953,951,958,957,956,953,951,943
sample293,1009,1026,1021,1024,1021,1014,1008,1009,1005,1010,997
sample294,875,979,973,974,970,969,974,967,962,953,954
sample296,1009,1027,1028,1024,1019,1017,1018,1013,1006,1005,999
sample295,804,979,976,975,978,970,969,968,964,960,957
sample297,971,974,949,918,866,817,723,634,507,417,346
sample298,1056,1052,1053,1042,1038,1033,1022,1021,1005,997,985
sample299,704,866,852,853,850,843,839,818,793,772,736
sample301,658,799,789,786,773,756,748,735,732,704,682
sample300,770,852,847,833,818,816,799,777,751,727,709
sample302,753,826,818,824,820,805,799,798,765,763,729
sample303,776,846,840,832,822,809,805,786,757,750,717
