sample193,16496,8393,8378,8886,8823,8239,7388,6674,5757,4979,4162,3528,2909,2374,2090,1643,1322,1079,803,617,445,360,246,227,140,85,65,60,37,32,19,14,11,9,10,4,2,1,2,2,3,1,1,1,1,1
sample194,8991,3071,3057,3218,3224,3098,2889,2453,2086,1797,1489,1245,1013,854,709,561,453,316,273,151,133,77,58,39,25,18,10,4,6,9,4,4,1,1,1,1
sample195,11410,4568,4751,5196,5217,5037,4609,4294,3708,3082,2771,2338,1975,1616,1390,1093,902,700,495,385,306,247,139,110,74,45,47,31,19,19,7,7,7,5,1,2,3,1,1,1
sample196,12559,6274,6839,7317,7207,7041,6505,5826,5045,4548,3869,3370,2911,2380,1890,1612,1243,925,732,593,372,287,241,113,100,70,43,38,26,17,14,17,10,5,8,4,3,3,1,2,3,1
sample197,10516,5805,6259,6966,7158,6893,6421,5657,5019,4583,3941,3424,2933,2509,1901,1589,1233,1009,714,503,369,289,220,130,122,84,52,44,28,16,20,8,11,3,1,1,2,3,1,4,1,1
sample198,30475,18743,13407,9479,6594,4606,3100,2248,1500,1036,723,484,322,183,140,104,59,33,36,17,7,8,2,3,6,2
sample199,9812,4006,4083,4400,4453,4181,3855,3282,2779,2276,2007,1670,1337,1118,891,775,558,419,316,243,186,121,90,61,32,35,22,21,7,8,2,4,4,2,1,1,1
sample200,6044,1932,1725,1845,1920,1920,1768,1652,1510,1338,1202,1021,938,788,660,520,492,402,339,259,220,165,164,114,82,62,40,20,17,12,10,11,5,6,3,1,1,1,2
sample201,12648,5545,5378,5371,5035,4741,4294,3646,3147,2589,2103,1760,1455,1132,885,738,535,402,300,229,154,121,85,59,42,18,18,13,5,7,7,3,2,2,1,2,1,1,1,1
sample202,10896,3711,3816,4260,4324,4374,4259,3936,3599,3376,2817,2487,2169,1836,1598,1383,1029,823,647,506,323,273,180,149,113,60,43,29,24,17,16,9,6,6,1,2,4,3,4,1,2,1,1,1,1
sample203,10294,4307,4560,4781,4952,4791,4316,3725,3278,2716,2280,1906,1527,1255,1049,839,671,487,419,280,206,156,112,65,56,39,39,23,9,6,3,4,3,1,3,1,1,1,1,1,1
sample204,11350,6185,6337,6671,6399,5912,5300,4451,3752,3127,2587,2144,1769,1457,1136,881,718,500,394,300,214,159,108,78,52,41,24,23,11,9,12,5,4,1,4,3,2,1,1,1
sample205,7751,2383,2516,2624,2612,2449,2152,1898,1643,1410,1202,1001,806,633,493,385,318,186,153,115,94,51,49,23,18,8,3,2,4,2,1,1
sample206,14930,8801,9213,9324,9162,8277,7292,6163,5359,4246,3524,2965,2305,1921,1522,1152,918,700,534,408,288,239,148,126,77,73,32,34,15,13,10,9,5,6,2,3,1,4,1,1,2,1,1
sample207,14834,8046,8623,9429,9491,9160,8222,7592,6518,5622,4704,4125,3347,2829,2331,1844,1484,1114,920,634,470,332,231,153,127,101,54,58,36,21,17,12,10,8,8,7,6,2,1,1,2,1,1,1,1
sample208,12585,6067,6113,6463,6295,5895,5195,4544,3749,3118,2601,2131,1746,1406,1143,941,710,508,383,287,217,147,103,90,63,33,20,17,16,6,9,7,2,3,2,3,1
sample209,13024,7531,8020,8405,8302,7578,6678,5715,4735,3922,3093,2570,2024,1679,1296,996,742,551,437,326,259,164,113,89,40,42,38,25,16,10,7,5,6,5,2,4,1,4,3,1,1,1,1
sample210,8434,3598,3485,3304,3124,2800,2265,1949,1535,1189,964,721,572,397,316,277,182,135,100,69,48,38,17,16,13,5,5,3,2
sample211,9162,4374,3974,3759,3378,3025,2509,1976,1558,1251,963,725,578,463,345,242,193,131,108,67,37,45,22,16,12,5,3,6,3,2,2,1
sample212,12439,5812,5516,5337,4865,4385,3691,2949,2403,1831,1410,1054,854,634,498,386,272,223,145,100,85,53,39,34,12,11,9,7,3,6,5,3,2,1,1
sample213,9912,2797,2929,3323,3521,3410,3420,3037,2626,2338,1984,1619,1406,1240,1064,892,705,536,422,311,240,197,142,91,57,45,34,30,14,9,4,6,7,2,2,1,3,2,1,1
sample214,5486,572,197,207,180,163,146,135,107,74,70,44,42,43,33,22,21,14,10,6,5,2,2,6,1,1,1
sample215,5482,685,381,352,329,295,307,275,248,204,156,156,123,111,92,75,60,46,32,25,24,12,11,10,3,4,2,3,1
sample216,6146,1904,1725,1755,1646,1636,1448,1283,1088,993,778,669,537,431,351,289,234,186,138,111,74,70,52,41,15,26,9,9,7,3,6,2,1,1,1,1
sample217,26968,19835,21758,23153,22943,21406,19415,17191,15013,13027,11048,9310,7827,6500,5373,4290,3443,2667,2171,1653,1308,995,745,585,481,425,316,275,216,197,139,129,118,89,82,58,45,38,33,22,20,21,18,20,14,13,8,5,5,3,6,5,1,6,1,3,1,4,1,2,2,1,1,4,1,1,1,1,1,1
sample218,186317,161240,139233,113157,89226,68730,52594,39449,29718,21913,16240,12132,8998,6920,5136,4020,3096,2320,1803,1456,1133,907,705,518,419,387,287,242,187,163,147,95,86,71,43,47,44,28,20,28,19,16,16,14,5,8,7,6,4,5,1,6,5,1,3,1,1,1,1,1,1,1,1,1
sample219,78459,71236,70768,65428,57863,49524,40301,32685,26270,20658,15817,12176,9310,6892,5213,3995,2952,2176,1772,1275,1049,772,605,534,388,296,271,191,171,122,107,87,83,54,43,39,27,22,26,20,19,15,15,12,3,7,5,6,3,5,2,2,5,2,2,1,1,1,1,1,1,1
sample220,93612,84158,81696,74075,64022,53632,43987,35241,28377,21878,16888,12935,9821,7511,5497,4171,3187,2462,1864,1504,1167,875,609,512,432,343,294,194,190,121,95,100,88,64,61,48,17,25,24,25,12,17,7,11,13,4,8,4,12,1,4,2,2,1,1,2,2,2,1
sample221,35043,27461,29579,30867,29707,27708,24999,21280,18118,15627,12894,10882,8978,7207,6051,4865,3812,3043,2447,1877,1469,1118,910,705,557,437,363,268,249,175,146,132,115,73,88,68,47,46,44,29,26,20,18,15,11,8,11,7,5,5,1,1,4,4,1,5,2,2,3,1,1,1,1,1,2,2,1
sample222,25792,19251,20746,21725,21122,19780,17716,15418,13249,11100,9335,7593,6293,5313,4290,3493,2738,2243,1776,1400,1043,732,645,439,343,251,229,171,158,113,90,85,65,52,49,38,28,19,14,13,16,10,12,8,3,5,5,4,3,2,1,1,1,1,1,1,1,1,1,1
sample223,6270,935,516,518,536,581,540,479,413,395,334,297,247,263,193,170,135,113,105,65,51,43,31,19,20,9,7,7,2,2,3,1
sample224,24044,7647,7078,7415,7614,7444,6873,6346,5583,4799,4095,3525,2981,2547,2144,1890,1559,1210,987,840,644,513,396,281,208,149,110,89,60,57,42,24,25,23,11,16,11,11,3,7,2,1,3,4,2,3,1,2,1,1,2,1,1,1,1
sample225,15469,7659,7897,8459,9031,8979,8824,8127,7492,6776,5978,5151,4613,4131,3595,2980,2671,2283,1835,1510,1259,926,705,531,423,315,225,177,125,118,83,70,53,47,32,23,21,13,16,19,6,8,6,2,5,2,5,3,3,2,2,3,1,1,1,1,1,2,1,1,1
sample226,7485,1532,913,982,891,898,785,691,600,495,422,316,250,210,160,109,75,63,44,24,18,11,3,5,1,2
sample227,74337,66090,62792,56461,48838,40925,33509,27306,21537,17162,13507,10400,8119,6425,4806,3648,2714,2060,1668,1274,943,792,622,473,386,312,273,194,162,139,107,81,64,63,47,27,38,28,24,16,14,16,19,4,12,8,4,1,3,3,4,4,1,2,1,2,1,1
sample228,14218,9513,9499,9611,9556,9086,8356,7402,6427,5541,4453,3809,3182,2599,2152,1834,1494,1195,943,750,600,501,383,249,207,141,111,88,86,46,32,37,25,21,16,13,10,8,5,2,5,3,4,1,2,2,1,1,1,1,1
sample229,31319,25057,24527,23412,20972,18487,15473,12819,10445,8697,6967,5623,4401,3611,2829,2286,1638,1300,976,748,547,389,295,250,177,133,112,70,57,48,40,34,26,9,14,10,11,6,8,4,3,1,4,2,1,1,1,1,1,1,1
sample230,24826,17243,18806,19689,19686,18467,16860,15280,13191,11473,9896,8447,7379,5996,5047,4098,3223,2640,2034,1629,1216,990,791,626,471,369,305,275,220,159,136,117,92,88,74,55,46,42,28,23,25,17,27,24,13,12,8,9,7,5,5,5,9,6,2,2,6,3,3,2,3,1,1,1,2,1,1,1,2,1,1,1
sample231,37759,30534,32153,32183,31189,28790,25898,22583,19639,16793,14280,12058,10205,8524,7127,5961,4791,3787,2990,2257,1810,1491,1171,920,748,573,456,379,305,284,206,182,168,147,130,99,88,54,48,45,48,37,22,28,29,14,21,13,15,14,8,6,4,9,7,5,5,2,5,1,2,1,2,2,2,1,1,1,1,1,1,1
sample232,6262,1763,733,339,157,104,43,21,12,12,2
sample233,13200,6985,7555,8047,8133,8230,7690,6953,6273,5490,4895,4369,3622,3156,2704,2233,1750,1434,1086,847,660,498,379,307,245,176,145,103,73,67,59,41,44,25,25,28,11,15,10,11,8,3,2,4,5,3,3,3,1,2,2,2,2,1,3,1,1,1,1
sample234,21968,15064,16136,16907,16921,15890,14347,12751,11004,9624,8513,7213,5909,4922,4093,3290,2651,2153,1715,1353,948,785,614,435,373,268,252,187,160,134,128,102,84,77,63,46,31,36,24,11,22,19,7,9,9,12,4,7,6,6,4,4,9,7,1,3,2,1,1,2,1,2,1,1,2,1,1,1
sample235,5610,1378,1194,1243,1193,1054,997,903,765,690,557,451,386,355,227,202,162,106,101,66,46,32,29,14,12,8,1,4,4,1,1,2,1
sample236,20403,12688,14572,16155,16918,16788,15798,14630,12970,11768,10299,8914,7727,6625,5443,4670,3725,2951,2349,1851,1349,1073,789,613,512,398,328,264,229,176,156,114,90,79,82,50,52,42,26,25,31,23,10,14,15,19,10,7,10,9,6,4,2,2,2,3,1,4,1,2,1,1,1,1
sample237,6815,1327,949,1106,1205,1137,1083,1047,926,818,715,630,555,478,402,312,272,202,198,139,101,88,55,42,26,21,11,13,7,3,2,2,5,1,1,2,1,1
sample238,7805,2477,2418,2739,2786,2898,2657,2404,2231,2042,1722,1545,1253,1124,926,749,604,508,388,306,254,184,135,96,73,47,34,13,19,16,9,6,8,6,6,2,2,1,1,4,1,2,1
sample239,27349,19793,21382,22000,21605,20032,18404,16101,14164,12361,10408,8945,7527,6114,4917,3975,3172,2402,1827,1402,1040,846,637,463,316,285,226,181,132,112,96,63,47,54,39,30,24,20,18,15,14,9,6,5,3,2,6,4,2,6,1,3,2,1,3,3,1,1
sample240,7284,1420,1157,1155,1158,1180,1055,916,848,706,673,547,472,390,316,280,243,156,133,99,86,52,34,26,20,10,6,4,2,5,2,1,1,2,1,1,1
sample241,6281,1725,1466,1460,1443,1356,1237,1126,999,786,751,602,489,473,336,263,235,159,107,79,70,42,32,21,21,10,4,3,7,1,2,1,1,1,1
sample242,18373,13167,14106,14240,13952,13173,11843,10428,9058,7766,6740,5455,4596,3745,2945,2412,1785,1347,988,770,574,423,342,256,218,153,112,92,81,68,56,40,41,29,18,20,15,13,11,7,2,5,9,5,2,2,4,2,4,2,2,1,2,1,1
sample243,7745,3508,3693,3859,3832,3630,3329,3076,2710,2245,1908,1642,1466,1149,870,739,573,450,332,260,173,139,94,74,53,34,26,17,19,19,6,10,5,4,7,3,2,4,1,3,2,1
sample244,8903,2390,2345,2504,2616,2614,2385,2224,1964,1774,1499,1259,1151,958,843,693,517,401,331,233,167,131,84,67,54,29,16,14,8,9,11,11,4,4,2,3,2,3,2,1,3,1,1,1
sample245,8940,2829,2648,2939,3006,3052,2912,2763,2510,2246,2016,1779,1528,1333,1138,971,818,639,545,427,369,267,213,146,121,54,67,50,46,27,20,20,22,10,12,7,9,2,4,5,2,4,4,1,1,2,1,1,2,1,1
sample246,6559,2305,2203,2459,2525,2509,2406,2130,1831,1617,1392,1271,1002,811,656,525,432,338,245,187,146,93,71,35,35,23,13,12,16,6,11,5,5,3,3,2,1,1,1,1,1
sample247,15305,9587,8574,7524,6529,5459,4379,3381,2679,2141,1561,1242,962,742,511,402,277,202,142,105,72,60,28,29,18,6,8,9,1,4,5,2,1,2,1
sample248,16407,9899,10293,10338,9781,8999,7908,6926,5715,4772,4001,3342,2701,2160,1771,1381,1033,823,580,436,329,230,160,114,78,55,44,37,30,26,13,15,11,9,6,5,3,5,3,3,1,2,1,1
sample249,25788,19473,20417,20259,19153,17427,15591,13532,11487,9750,8117,6627,5375,4436,3490,2743,2122,1590,1175,890,682,540,416,317,268,199,160,128,116,74,62,41,51,35,19,20,19,15,20,11,7,12,11,12,4,3,3,2,1,1,4,5,1,1,3,1,2,1,1
sample250,10497,6411,6895,7182,7102,6750,5863,5351,4628,3888,3367,2876,2381,1900,1489,1119,893,668,501,348,254,181,139,110,87,58,52,40,27,24,16,16,12,10,11,5,5,7,5,1,1,1,1,1,1,1,2,1,1
sample251,8848,3312,3346,3668,3841,4002,3742,3540,3191,2886,2589,2310,1954,1759,1548,1285,1092,880,733,581,467,375,265,209,168,140,103,75,64,32,26,28,21,16,15,9,8,5,10,4,7,2,3,1,3,3,1,1,1,2,1,1
sample252,20797,12828,13993,15031,15114,14453,13356,12024,10390,8801,7514,6529,5352,4386,3537,2888,2135,1744,1224,925,676,485,356,269,196,175,129,88,68,47,36,30,23,17,15,14,9,5,3,3,4,4,1,2,2,1,2,1,1,1
sample253,6606,1924,2030,2165,2016,2075,1899,1807,1538,1375,1135,962,840,644,538,414,334,244,165,148,81,75,39,32,22,16,7,7,4,4,2,1,2,1
sample254,19276,14273,15565,16038,15483,14290,12769,11328,9584,8108,6778,5584,4439,3551,2772,2037,1496,1187,864,647,470,349,261,189,130,106,77,63,56,42,35,25,23,19,18,10,12,8,9,1,3,3,3,1,4,1,2,2,1,2,1,1,1
sample255,4911,1091,777,816,709,649,546,501,389,326,266,222,160,139,72,67,41,30,22,13,12,8,2,3,1,1
sample256,7466,785,296,209,170,157,133,135,102,94,66,49,42,31,39,20,22,12,23,9,8,6,3,1,1,1,1
sample257,3943,1079,821,836,780,692,650,523,467,387,338,273,221,223,124,120,103,62,53,34,20,22,13,5,6,1,4,3,2
sample258,11511,6403,6530,6705,6353,5889,5203,4526,3882,3303,2786,2257,1836,1437,1240,874,674,511,377,280,188,161,103,78,57,40,42,31,21,9,15,11,9,8,2,6,4,2,1,5,1,1,1,1,1
sample259,6398,1941,1746,1814,1800,1715,1560,1334,1187,1016,915,765,622,536,454,337,253,224,161,122,91,63,45,23,29,13,7,13,6,4,2,1,2,1,2
sample260,4552,627,441,431,421,362,377,285,231,210,161,128,115,98,81,45,36,25,18,15,13,4,4,4,1,3,1
sample261,18400,14227,15440,16340,15628,14542,12743,11373,9775,8176,6767,5555,4563,3695,2968,2287,1688,1305,999,761,492,379,270,261,155,134,100,81,77,55,37,27,27,19,18,15,11,18,7,4,3,2,2,2,4,1,2,3,1,3,1,2,1,1
sample262,9199,5979,6310,6526,6111,5714,5040,4171,3643,3018,2466,2031,1584,1294,962,793,566,434,324,207,179,124,74,64,59,45,37,18,13,9,8,12,3,3,5,3,1,2,1,1,1,2,1
sample263,35756,28836,30108,29678,27757,25078,21971,18769,15985,13168,10872,8808,7213,5787,4515,3575,2797,2099,1693,1233,917,742,570,437,392,287,245,182,158,135,97,78,76,50,52,34,28,23,22,15,16,8,11,9,8,5,6,5,3,5,2,3,3,2,1,1,3,1,1,2,1
sample264,10423,6038,6564,6964,7134,6703,6208,5565,4720,4256,3562,3137,2622,2163,1732,1392,1091,772,602,465,317,252,178,136,91,63,40,46,24,21,18,8,15,7,6,4,2,2,1,3,2,1,1,1,1
sample265,17376,10835,11253,11958,11849,11213,10194,8928,7888,6817,5730,5112,4057,3500,2792,2323,1820,1391,1110,811,612,433,344,253,176,127,101,89,59,50,41,38,22,15,19,12,17,4,8,8,5,3,5,2,3,3,2,1,2,1,1,1
sample266,8246,2880,2897,2986,3093,2987,2812,2546,2262,2007,1753,1485,1388,1061,895,808,596,496,402,322,187,188,130,95,58,61,34,29,15,11,8,7,6,4,3,4,1,3,2,1,2,1,1,1,1
sample267,5229,1037,842,827,918,952,787,687,667,610,493,395,374,328,240,184,169,112,94,62,39,28,30,15,9,3,4,2,3,2,1,1
sample268,6496,3909,3762,3601,3476,3016,2678,2379,2065,1687,1314,1123,889,723,582,476,361,276,171,177,135,79,62,47,40,19,22,13,8,4,6,3,3,2,1,1,1,3,1
sample269,19013,12287,13701,14672,14853,14292,12720,11185,9798,8340,7036,5942,4878,4081,3246,2639,2051,1610,1206,876,624,515,391,317,196,178,117,93,95,62,60,37,34,37,25,20,11,9,18,10,9,4,3,7,3,2,3,2,1,2,1,1,1,1,1
sample270,5401,1263,1171,1246,1245,1245,1228,1157,1040,903,782,698,605,505,433,376,310,248,222,116,114,82,51,38,32,20,21,13,9,6,6,1,1,2,1,3,1,1
sample271,5930,747,287,267,262,248,231,206,195,163,150,103,93,67,63,58,43,36,27,28,16,10,10,7,3,3,1,1,1,2
sample272,8547,2846,2835,2851,2834,2710,2546,2272,1979,1762,1424,1155,1016,800,695,580,432,356,320,248,168,138,86,62,47,44,29,16,15,11,11,6,3,6,5,3,4,3,2,3,1,1,1,1
sample273,12117,7390,7495,7353,7058,6346,5686,4755,4124,3471,2861,2293,1902,1536,1216,897,698,518,414,305,197,146,114,75,54,39,31,32,22,23,9,10,9,6,7,3,5,3,1,2,1,1,1,2,1,1
sample274,5506,1547,1411,1542,1502,1446,1422,1296,1202,1018,856,792,651,537,456,347,302,199,195,148,109,87,55,35,35,16,9,10,5,3,1,2,2,3,1,1,1,1
sample275,5701,662,262,242,231,237,229,217,161,163,146,118,100,105,77,51,42,42,37,19,21,13,10,5,6,3,2,1
sample276,21704,14686,16323,17606,17682,17258,15772,14308,12316,10786,9125,7799,6768,5533,4507,3675,2974,2247,1736,1356,1077,782,597,385,376,269,187,174,129,92,83,71,45,55,39,44,19,22,18,12,9,8,7,2,8,4,3,3,3,1,3,2,1,1,3,1,1,1
sample277,3868,627,476,499,465,443,412,446,377,292,274,280,212,181,136,125,93,86,53,38,37,19,13,16,8,8,6,2,1,1
sample278,5967,640,230,196,192,184,170,178,173,153,112,117,99,60,65,51,46,28,26,27,10,11,4,3,4,4,1,1,1
sample279,6210,1712,1458,1587,1581,1462,1416,1241,1131,981,819,693,627,510,401,293,249,195,159,126,91,46,46,40,27,12,7,11,2,5,5,2,1,1,1,1,1,2,1
sample280,7608,1075,612,587,555,518,482,459,405,324,275,218,193,156,124,103,119,73,48,53,40,19,12,19,7,3,7,1,2,1,2
sample281,5083,794,601,544,578,550,431,362,294,243,196,154,133,102,65,53,41,43,34,16,13,11,6,6,5,1,1,1,1,1
sample282,6213,1669,1449,1477,1422,1361,1147,982,831,695,558,494,362,261,212,196,129,104,70,47,58,34,15,9,7,7,1,2,1,2,1,1,1
sample283,5012,534,214,159,139,150,104,112,90,57,44,38,41,24,15,16,9,10,4,1,5,1,1
sample284,8186,3063,3034,3210,3154,2954,2652,2285,1909,1595,1283,1040,875,692,577,432,322,270,192,125,100,85,51,26,29,7,9,11,10,6,1,5,3,3,1,2,1,1,4,1
sample285,5413,1827,1585,1611,1629,1468,1246,1135,946,749,687,563,464,365,285,255,240,163,130,89,67,58,36,34,20,19,6,6,12,3,1,1,1,1,2,1
sample286,4951,1064,838,952,998,1007,969,879,801,756,643,574,467,443,302,281,228,201,149,121,98,77,55,37,27,25,14,10,8,2,2,1,5,2,1,1
sample287,12558,6617,6944,7358,7259,6670,5979,5130,4315,3706,2957,2460,2019,1609,1318,962,817,613,508,346,260,197,141,120,83,59,60,25,23,20,16,13,9,3,8,6,8,3,2,2,1,3,2,1,1,1,1
sample288,11196,3357,3057,3224,3292,3256,2968,2743,2393,1940,1727,1468,1152,981,913,748,547,436,350,272,228,148,114,81,72,54,35,25,16,14,12,8,11,6,8,4,5,1,3,4,1,1
sample289,37296,5155,3027,2845,2905,2980,3381,3795,4094,4508,5037,5531,6224,6753,7338,8104,8285,8467,8934,8787,8786,8430,8199,7874,7327,6754,6506,5933,5596,5143,4880,4742,4486,4348,4287,4138,4127,4183,4102,4074,4137,3999,3883,3731,3659,3546,3315,3156,2879,2796,2573,2341,2124,1832,1763,1586,1364,1210,1052,1004,840,772,689,600,530,504,441,421,335,343,319,280,261,237,219,210,210,189,178,189,157,154,144,149,134,134,121,120,120,110,87,94,96,73,70,75,87,83,64,65,58,64,52,47,43,36,42,40,38,30,24,32,35,21,26,19,24,18,15,14,16,10,13,20,7,19,9,8,11,5,9,10,8,9,8,7,3,6,3,4,3,7,3,7,5,5,7,5,3,1,1,3,5,2,2,3,5,2,3,1,2,4,3,1,1,2,2,1,1,1,1,1,1,1,1,2,1,1,1,1,1,1,1,1,1
sample290,37860,6017,4212,4082,4279,4710,5063,5751,6409,6879,7676,8419,9191,10007,10274,10970,11215,11187,10907,10696,10045,9726,9179,8395,7639,6976,6485,5926,5632,5298,4949,4729,4485,4346,4160,4229,3912,3943,3747,3624,3629,3376,3161,3078,2908,2715,2514,2317,2150,1829,1746,1566,1452,1295,1201,1127,916,826,705,678,616,583,481,434,428,386,335,342,291,268,255,261,230,182,205,186,160,160,172,138,144,134,142,107,119,101,106,111,92,87,85,81,74,77,68,53,43,47,49,52,40,39,42,35,34,33,34,26,23,14,24,23,13,21,25,28,17,21,15,15,24,9,14,10,10,9,4,9,7,6,5,6,4,3,8,8,4,1,4,7,6,7,1,1,2,1,6,8,2,3,2,5,2,2,2,1,2,1,3,2,3,3,1,3,1,2,1,3,1,1,2,2,1,1,2,1,1,1,1,2,1,1,1,1,1,1,1
sample291,35199,4395,2380,2132,2074,2232,2404,2553,2840,3268,3542,3918,4375,4668,5234,5459,5755,6182,6561,6306,6428,6325,6085,5960,5511,5154,4902,4444,4094,3809,3599,3317,3138,2937,2851,2757,2794,2724,2700,2709,2646,2672,2664,2460,2447,2457,2310,2117,2024,1964,1831,1769,1701,1461,1375,1226,1075,999,893,816,724,624,580,498,456,444,340,339,305,265,232,211,219,192,164,154,163,164,107,113,116,97,94,87,94,96,90,81,73,63,73,54,68,60,42,62,63,44,50,44,40,34,43,34,31,40,28,28,23,32,35,27,16,20,14,20,17,11,13,15,10,11,9,18,9,8,5,12,12,9,5,5,6,7,6,6,6,3,7,3,4,6,3,1,3,6,1,4,1,5,6,4,2,2,1,4,3,1,5,3,2,3,2,1,1,1,2,2,1,2,2,1,1,1,1,1,1,1,1,2,2,1,2,2,1,1,1,1,1,1
sample292,46616,7447,4104,3850,3974,4344,4869,5495,6161,6823,7634,8458,9007,9521,9881,10132,10280,9989,9783,9189,8776,8396,7672,7255,6772,6581,5918,5666,5590,5343,5238,5104,4975,4782,4684,4602,4274,4104,4008,3804,3605,3292,3103,2914,2630,2327,2144,1966,1774,1561,1416,1306,1156,997,915,810,736,635,602,519,502,468,431,352,342,313,297,270,255,234,227,213,198,193,197,180,171,153,171,138,149,99,129,121,118,100,96,84,86,86,71,67,55,76,52,50,33,37,41,34,37,34,45,35,39,36,19,24,23,19,21,14,11,25,18,17,23,13,10,16,14,9,15,11,6,9,9,7,8,6,4,5,6,5,4,7,6,6,4,3,1,3,6,3,3,6,7,1,1,2,2,3,3,5,2,1,2,3,5,1,1,4,1,1,2,4,3,1,1,1,2,2,1,1,1,1,3,2,1,1,1,2,1,1,1,1,1,1,1,1,1,1,1
sample293,82745,23111,18046,19667,22750,25707,28428,31169,32906,33336,33564,32709,31444,30180,28423,26468,25008,23409,22198,20844,19735,18667,17791,17116,15759,14800,13801,13010,11803,10952,10135,9085,8118,7320,6622,6015,5382,4758,4422,3947,3637,3347,2950,2703,2500,2190,2109,1919,1869,1628,1506,1380,1319,1266,1170,1027,1019,909,850,805,742,688,659,638,600,538,519,520,451,354,399,337,351,326,290,286,249,255,240,212,191,166,157,168,158,153,124,127,112,121,122,99,103,110,85,77,72,73,63,75,61,64,46,62,40,46,46,48,42,38,39,35,32,31,22,32,32,33,32,27,17,23,24,24,17,20,17,13,15,8,19,10,11,10,12,7,14,8,5,10,8,11,8,7,7,7,10,6,3,9,5,4,3,7,6,9,4,4,5,5,4,5,4,3,4,6,3,7,4,3,5,2,4,1,4,2,2,2,1,1,1,2,1,1,1,1,1,1,1,1,1,2,1,1,1,1,2,1,1,2,1,1,1,1,1,1,2,1,1,1,1,1,1,1,1,1,2
sample294,36637,4842,3232,3148,3074,3281,3532,3731,4081,4204,4570,5027,5457,5754,6251,6665,6973,7471,7771,7902,8106,8031,7893,7699,7415,7166,6622,6176,5751,5348,4903,4571,4252,3885,3842,3444,3356,3266,3205,3185,3111,3085,3053,3048,3054,3049,2844,2870,2707,2755,2531,2480,2332,2250,2094,1969,1813,1643,1537,1370,1252,1098,983,932,840,710,671,568,567,476,437,405,356,329,287,252,256,254,195,197,205,195,162,149,130,135,134,126,111,119,113,113,102,94,93,79,91,99,68,83,75,72,74,70,55,47,54,43,53,34,43,32,41,41,40,30,31,33,28,37,22,26,29,20,20,19,15,14,22,16,17,7,12,12,10,16,13,7,5,5,10,9,10,5,3,7,4,6,6,5,2,3,1,2,5,3,1,5,1,2,4,4,3,2,1,6,1,2,2,3,2,3,4,3,1,5,1,1,1,1,1,2,1,1,1,1,1,1,1,1,1,1,1,2,1,1,1,1,1,1,1,1,1,1,1,1
sample295,47511,6657,3684,3341,3469,3634,3924,4261,4711,5255,5878,6456,7047,7644,8327,8854,9241,9456,9851,9762,9481,9248,8841,8558,8015,7413,6899,6299,5946,5592,5208,4959,4790,4613,4534,4353,4383,4269,4307,4107,4188,4006,3920,3628,3751,3589,3276,3130,2908,2790,2689,2328,2235,2122,1906,1641,1559,1379,1258,1087,1022,923,827,730,658,575,514,505,496,431,388,346,356,314,302,297,237,257,224,246,227,211,192,154,184,179,166,141,148,153,131,136,123,118,131,137,118,95,106,81,69,86,81,64,68,63,54,54,44,57,47,56,49,39,43,33,39,32,24,25,24,30,40,30,15,21,20,22,26,28,15,16,16,9,9,6,8,15,15,9,4,13,12,5,5,9,10,3,7,7,4,7,7,8,6,4,3,4,4,5,5,1,5,3,4,5,3,3,4,1,1,3,5,2,5,1,2,8,3,2,1,2,2,4,2,1,3,6,1,1,1,3,2,2,2,1,2,1,1,2,4,3,1,1,1,1,2,1,1,2,1,1,1,1,1,1,1,1,1,1,1,2,1,1,1,1,1
sample296,63029,13633,9563,9884,11028,12659,14752,16788,19089,20654,22593,23093,23733,23866,22911,22251,20641,19380,18023,16511,15273,14250,13477,12583,12175,11403,11057,10725,10384,10091,9547,9100,8386,7644,7268,6668,6060,5541,5081,4498,4093,3527,3297,2835,2582,2356,2084,1933,1747,1574,1447,1389,1253,1120,1128,1056,879,870,818,698,740,678,591,619,581,527,510,488,412,412,391,341,345,331,312,246,232,208,229,192,190,198,162,161,151,161,128,108,113,100,117,102,94,88,88,79,69,60,72,53,70,56,55,62,61,41,47,27,31,39,24,23,32,25,21,34,26,29,11,26,12,22,16,16,17,26,16,18,5,14,16,13,16,11,11,7,2,14,9,13,7,7,7,3,1,5,7,3,4,7,6,3,3,4,4,5,4,2,3,4,3,3,3,1,3,3,4,5,1,2,1,1,1,1,1,2,5,1,1,1,2,1,1,1,1,1,1,2,3,1,1,1,2,1,3,1,1,1,1,1,1,1,1,1,1,1,1,1
sample297,84140,58734,50104,42997,36254,29672,24103,19073,14956,11762,8828,6908,5309,4214,3302,2542,2011,1617,1287,1050,897,674,581,455,375,282,247,186,171,145,138,96,77,65,47,52,37,33,33,24,21,18,14,17,16,10,10,4,3,4,6,3,7,6,2,1,1,6,3,1,1,1,1,1,1,1,1,1
sample298,122672,50192,44061,48449,54241,59159,61290,61917,60062,57298,53963,50032,46055,42648,38871,35677,33225,30873,28347,26347,24100,22091,19975,18422,16713,14924,13306,12003,10811,9714,8914,7853,7199,6578,5991,5607,4924,4433,4123,3832,3422,3221,3036,2716,2614,2406,2168,1914,1810,1707,1538,1487,1373,1292,1154,1143,1017,900,908,773,728,701,617,611,579,495,498,483,419,407,373,369,314,327,270,296,245,235,230,229,179,191,176,166,143,169,148,137,123,121,119,103,117,105,100,91,82,91,54,80,66,65,62,54,63,43,47,58,49,46,46,30,31,39,34,36,19,28,31,28,31,20,20,20,25,18,24,22,17,17,12,17,12,10,12,9,16,14,11,11,7,14,4,14,10,11,10,8,8,5,7,7,3,6,7,4,8,6,6,6,6,5,6,3,4,3,2,1,6,3,1,3,1,1,3,1,3,2,5,4,1,2,2,2,3,3,1,1,1,2,1,1,2,1,2,1,2,1,3,3,3,1,1,4,1,2,1,1,1,2,2,1,1,1,1,1,1,1,1,1,1
sample299,20073,4259,4023,4780,5809,6774,7507,8011,8285,8028,7901,7512,7096,6537,6337,5766,5470,5213,4802,4437,4243,3833,3488,3224,2863,2387,2058,1806,1471,1227,1043,840,676,546,442,376,293,220,188,172,139,135,126,93,69,78,56,63,47,53,38,35,27,21,27,24,25,11,7,13,21,10,10,5,5,6,7,6,1,2,1,2,2,2,2,3,2,1,1,1,1,1,1,1,1
sample300,15188,4512,4754,5664,6731,7691,8457,8693,8632,8534,8089,7481,6958,6494,6214,5686,5118,4965,4499,4165,3676,3327,2970,2488,2079,1872,1421,1169,987,803,627,518,396,321,286,233,173,159,130,116,88,81,85,54,62,54,32,43,27,27,25,22,24,11,14,13,10,5,8,7,6,3,4,3,3,2,2,5,3,3,4,2,3,2,2,2,1,1,2,1,1,1
sample301,17134,3412,3071,3719,4427,5064,5672,6015,6133,6049,5910,5585,5228,4946,4679,4573,4160,4041,3572,3486,3106,2883,2551,2297,1996,1717,1487,1155,1006,826,639,534,413,361,254,236,182,149,145,92,77,89,49,60,52,34,36,36,36,21,23,16,20,10,12,12,9,5,5,4,4,5,3,10,6,1,3,3,2,3,2,1,2,1,2,1,1,1
sample302,14984,3297,3045,3493,4372,5097,5618,6274,6461,6684,6600,6391,5990,5641,5289,4898,4658,4393,4135,3972,3839,3532,3074,2866,2565,2216,1966,1721,1478,1155,1057,812,724,544,470,366,289,241,225,183,152,131,113,93,93,70,62,56,34,48,38,30,28,19,21,22,14,18,11,9,15,8,9,5,7,1,8,4,2,5,2,3,1,1,2,1,4,1,1,1,1,1,1,1,1,1
sample303,14072,3280,3346,4012,4855,5696,6361,6775,7034,6980,6809,6422,6106,5712,5416,5066,4704,4517,4173,3767,3659,3289,2864,2498,2143,1781,1551,1227,1037,866,706,564,434,376,295,228,181,175,143,134,95,91,72,61,57,52,35,38,48,36,26,21,22,15,10,17,8,9,7,2,6,6,4,7,1,5,1,3,3,1,3,1,1,2,2,1,2,1
